7,157|61,7|31,155|89,17|119,84|117,140|101,119|100,2|3,147|4,123|
77,15|60,157|68,17|117,105|8,18|16,94|2,13|41,146|19,1|115,148|
26,87
38,74
16,55
110,35
79,24
68,51
83,159
61,110
1,1,1,1,1,1,1,1,1,1,1,1,1,1,1,1,1,1,0,a,1,1,1,1,1,1,1,1,1,1,1,1,0,1,1,1,1,1,1,1,1,0,1,1,1,1,1,1,1,1,1,1,1,1,1,1,1,1,1,1,1,1,0,1,1,0,1,1,0,0,1,0,0,1,1,1,1,0,0,1,0,0,0,0,1,1,0,1,0,1,1,1,1,1,1,1,1,0,1,1,1,1,1,0,1,1,1,1,1,0,1,1,1,1,1,1,0,1,1,1,1,1,0,1,1,1,1,1,1,1,0,0,1,1,0,1,1,1,1,1,0,1,0,1,0,1,1,1,1,1,1,1,1,1,1,1,1,1,1,1,
0,0,1,1,1,1,0,1,1,1,1,1,1,1,1,1,0,1,0,a,1,1,1,1,0,1,0,0,1,1,1,1,1,0,1,1,1,1,1,0,2,0,2,0,0,2,0,1,0,2,1,0,0,2,2,1,1,2,2,2,2,2,2,2,1,0,1,2,1,1,1,1,1,0,1,1,0,1,1,1,1,1,0,1,0,1,0,0,1,1,1,1,1,1,1,1,0,1,1,1,1,1,0,1,1,1,1,1,1,1,1,1,0,0,1,0,0,1,1,0,1,1,1,0,1,1,1,1,1,1,1,1,1,0,1,1,1,1,0,1,1,1,1,0,0,0,0,1,1,1,1,0,1,1,1,1,1,0,1,1,
1,1,1,0,1,1,1,1,1,1,1,1,1,1,1,1,0,1,1,a,1,1,1,1,1,0,0,0,1,1,0,1,1,0,1,0,0,0,1,1,1,0,0,2,2,1,2,1,1,0,0,0,2,2,2,2,2,1,1,2,1,1,1,1,2,1,1,0,2,2,1,1,1,1,1,1,1,1,0,1,1,1,1,0,1,0,1,1,1,1,1,1,0,1,1,1,1,1,0,1,1,1,1,0,1,0,1,1,1,1,0,1,1,1,1,1,1,1,0,1,0,0,1,1,1,0,0,1,1,1,1,1,1,1,1,1,1,1,1,1,1,1,1,1,1,0,1,1,0,0,0,1,0,1,1,1,1,1,0,1,
1,1,1,1,1,1,1,0,0,1,1,1,1,1,1,1,1,1,1,a,1,0,1,1,1,1,1,0,1,0,0,1,1,1,1,0,1,1,1,1,2,0,2,1,0,1,2,2,2,2,0,1,1,0,2,1,2,2,2,1,0,1,2,2,1,1,0,0,1,2,1,1,1,1,0,1,1,1,1,0,1,1,1,0,1,1,1,1,1,1,0,1,0,1,0,1,1,0,1,1,1,1,1,0,1,1,1,1,1,1,1,1,1,0,1,1,1,0,0,0,0,1,1,1,0,0,1,0,1,1,1,1,1,1,1,1,1,1,0,1,1,0,1,1,0,1,1,1,1,1,1,1,0,1,0,1,0,1,1,0,
1,1,0,1,1,1,1,1,1,1,1,1,1,1,1,1,1,0,1,a,0,1,1,1,0,1,1,0,1,1,1,1,0,1,0,1,1,1,1,0,1,2,1,2,1,2,2,2,2,2,1,1,0,2,2,0,0,1,2,2,2,1,0,1,1,2,2,1,1,0,1,1,1,1,1,1,1,1,1,1,1,0,0,1,1,1,1,1,1,1,1,1,1,1,0,1,0,1,1,1,1,1,1,1,0,0,1,1,1,0,1,0,1,1,1,1,1,1,0,1,1,1,1,1,1,1,1,1,1,1,1,0,0,1,1,1,1,1,0,1,1,1,1,1,1,0,1,0,1,1,1,1,1,1,1,1,1,1,1,1,
1,0,1,1,1,1,1,1,0,1,0,1,1,1,0,1,1,0,1,a,1,1,1,0,0,1,1,1,1,0,1,1,1,1,1,1,1,0,1,0,1,2,1,1,1,1,1,2,2,2,0,2,1,0,1,2,1,1,2,2,2,2,2,2,2,1,1,2,0,2,1,1,1,1,1,1,1,1,1,0,1,1,1,1,0,1,1,1,1,1,1,0,0,1,1,1,1,1,1,1,1,1,1,1,1,1,1,1,1,1,0,1,1,0,1,1,0,0,1,0,1,1,1,1,0,1,0,1,1,1,1,1,1,1,1,1,0,1,1,0,0,1,1,1,1,1,0,0,1,1,1,1,1,1,1,1,1,0,0,0,
1,1,1,1,1,1,1,1,1,1,1,1,1,0,1,0,1,1,1,a,1,1,1,1,0,0,0,1,1,0,0,1,0,1,1,1,1,1,1,0,2,1,2,2,2,0,2,2,2,2,1,2,1,0,1,2,2,2,1,0,0,2,0,1,1,1,2,2,1,1,1,1,1,0,1,1,1,1,0,1,1,0,1,1,1,1,1,1,1,1,1,1,1,1,1,0,0,1,1,0,1,1,1,1,1,1,0,1,1,1,1,1,1,1,1,1,1,0,1,1,1,1,1,1,0,1,1,0,0,1,1,1,1,1,1,1,1,1,1,1,1,0,1,0,1,1,1,1,1,1,0,1,0,1,0,1,1,0,1,1,
0,1,0,1,1,1,1,1,1,1,1,1,0,0,1,1,1,1,1,a,a,a,a,a,a,a,a,a,a,a,a,a,a,a,a,a,a,a,a,a,b,a,a,a,b,a,a,b,b,b,b,b,b,b,b,b,b,b,b,a,a,a,b,b,a,a,b,b,a,a,a,a,a,a,a,a,a,a,a,a,a,a,a,a,a,a,a,a,a,a,a,a,a,a,a,a,a,a,a,a,a,a,a,a,a,a,a,a,a,a,a,a,a,a,a,a,a,a,a,a,a,a,a,a,a,a,a,a,a,a,a,a,a,a,a,a,a,a,a,a,a,a,a,a,a,a,a,a,a,a,a,a,a,a,a,a,a,a,a,a,
0,1,1,1,1,0,1,1,1,1,1,1,1,1,1,1,0,1,1,0,1,1,1,1,1,1,1,0,1,1,1,1,1,1,1,1,1,0,1,0,2,2,0,0,2,2,0,2,1,2,2,0,2,1,2,2,1,2,1,0,2,1,1,2,1,1,1,2,1,2,1,1,0,1,1,1,1,0,0,1,1,1,0,1,1,1,1,1,1,1,1,1,1,1,1,1,1,1,1,1,1,1,1,0,1,0,1,1,0,0,1,1,1,1,1,1,1,1,1,0,1,1,1,1,1,1,1,1,1,1,1,1,1,1,0,0,1,1,1,1,1,1,1,0,0,1,0,1,1,1,1,0,1,1,0,0,1,1,1,1,
1,1,1,1,1,1,1,1,1,1,1,1,1,0,1,1,1,1,0,1,0,0,0,1,1,1,1,0,1,1,0,1,1,1,1,1,1,1,1,1,1,1,1,1,1,1,0,1,1,1,1,2,0,2,0,2,0,2,2,2,0,1,0,0,2,1,0,2,0,1,1,1,1,0,1,1,1,0,1,0,0,1,1,1,1,1,1,1,1,1,1,1,0,0,0,0,1,1,1,1,1,1,0,1,1,1,1,1,1,1,1,1,0,1,0,1,1,1,1,1,0,1,0,1,1,1,1,1,1,1,0,1,1,0,1,1,1,1,1,1,1,1,1,1,1,1,1,1,0,1,1,1,1,1,1,1,0,1,1,1,
1,1,1,1,1,1,1,1,1,1,1,1,1,1,1,1,1,1,1,1,1,1,1,1,1,1,1,0,1,1,1,1,1,1,1,1,0,1,1,1,1,2,2,2,1,1,2,1,2,2,2,1,2,1,2,1,2,1,1,1,2,2,2,0,2,1,0,2,2,1,1,1,1,1,1,1,1,0,1,1,1,1,1,1,1,1,1,1,1,1,1,1,1,0,1,1,1,1,0,1,1,0,1,1,1,1,1,1,0,0,0,1,1,1,1,1,1,1,1,1,1,0,1,1,0,0,1,1,1,1,1,1,1,1,0,1,1,1,1,1,1,1,1,0,1,1,1,1,1,0,1,1,1,1,0,1,1,1,0,1,
1,1,1,1,1,1,1,1,0,1,1,1,1,1,0,1,1,1,1,0,1,1,0,1,1,1,1,1,1,1,1,1,1,1,1,1,1,1,1,0,1,2,2,2,2,1,2,2,0,2,2,0,2,1,2,2,0,2,2,2,1,1,2,1,1,0,0,1,2,0,1,1,2,1,0,2,1,2,2,1,2,2,0,1,1,2,1,1,2,1,2,2,1,1,0,0,1,1,1,1,2,1,0,1,0,1,1,1,1,1,1,1,1,1,0,1,1,1,1,1,0,1,1,0,1,0,1,0,1,1,1,1,0,1,1,1,1,1,1,1,1,0,1,0,1,0,1,0,1,1,0,1,0,1,0,1,1,1,1,1,
1,1,1,1,0,1,1,0,1,1,0,1,1,1,1,1,1,1,1,1,1,1,1,1,1,1,1,1,1,0,1,1,1,0,1,1,1,1,1,0,1,2,2,0,1,2,0,2,1,1,1,1,1,0,1,2,2,1,2,2,2,1,1,1,0,1,0,2,1,0,1,1,1,0,2,0,2,0,1,1,2,1,0,1,1,1,1,2,0,1,2,1,2,0,2,2,1,0,1,2,2,2,0,1,1,1,1,1,1,1,1,1,1,1,1,1,1,1,1,1,1,1,1,1,0,0,1,0,1,1,1,0,1,1,1,1,1,1,1,1,1,1,1,1,1,1,1,0,0,1,1,1,1,1,1,1,1,1,1,1,
1,1,1,0,1,1,1,1,1,1,1,1,1,1,1,1,1,1,1,0,1,1,1,0,1,1,0,1,1,1,1,0,1,1,1,1,1,1,1,1,2,0,0,1,1,1,1,1,2,2,0,2,1,0,1,0,1,1,0,0,2,2,0,1,1,2,2,2,2,0,1,0,1,0,2,0,1,2,2,1,0,0,2,2,1,1,0,1,1,1,2,1,1,2,2,2,2,1,1,0,0,1,1,1,1,1,0,0,1,1,1,1,1,1,1,1,1,1,0,1,1,1,1,1,1,1,1,1,0,1,1,1,1,0,1,1,1,0,1,1,0,0,1,1,1,0,0,1,1,1,1,1,1,1,0,1,1,0,1,1,
1,1,1,1,1,1,1,0,0,1,1,0,1,0,0,0,0,1,0,1,0,1,1,0,1,1,1,1,1,1,1,0,1,1,1,1,0,0,1,1,2,1,2,0,0,2,1,2,2,0,0,2,2,0,1,2,1,1,2,2,0,2,0,2,1,1,2,2,2,0,1,0,2,2,1,2,1,0,1,1,1,2,0,2,1,2,1,2,0,0,2,1,0,0,1,2,1,1,2,1,1,1,1,1,1,1,1,1,1,1,0,1,1,1,1,1,1,1,1,1,1,1,1,1,1,0,0,1,1,0,1,1,1,1,1,1,1,1,1,1,1,1,1,0,1,1,1,1,0,1,1,1,1,1,0,1,1,1,0,1,
1,1,0,1,1,1,1,1,1,1,1,1,1,1,1,1,0,0,1,1,1,1,0,1,1,1,0,1,1,1,1,1,1,1,0,1,1,1,1,1,1,0,1,1,1,1,1,1,1,0,2,1,1,0,2,1,1,2,2,1,2,1,0,0,2,2,1,2,1,0,1,0,2,1,2,2,0,1,2,2,1,2,2,2,1,2,1,2,2,1,0,2,0,2,2,1,2,2,2,2,1,2,1,1,0,1,1,1,1,1,1,1,1,1,1,0,0,1,1,1,1,1,0,1,1,1,0,1,1,1,1,1,0,1,0,0,1,1,0,1,1,1,1,1,1,1,1,1,1,1,1,1,1,1,1,0,1,0,1,1,
1,1,0,1,1,1,1,1,1,1,1,1,1,1,1,1,1,1,1,1,1,1,1,1,1,1,1,1,1,1,1,1,1,1,0,1,1,1,1,1,0,2,2,1,2,2,1,0,2,1,2,2,1,0,0,0,1,1,2,2,2,1,1,0,0,2,1,1,1,0,0,1,0,1,2,2,1,2,2,1,2,1,1,1,2,0,1,1,2,0,0,2,2,2,2,0,1,2,2,1,1,0,1,1,1,1,1,0,1,1,1,1,1,1,1,1,1,1,1,1,1,0,1,1,1,0,1,1,1,1,1,1,1,1,1,1,1,1,1,1,1,1,1,1,1,0,1,1,1,0,0,1,1,1,1,1,1,1,1,0,
1,1,0,1,1,1,1,1,1,1,0,1,1,1,1,1,1,1,1,1,0,1,1,1,1,0,1,1,1,0,0,1,1,1,1,1,0,1,1,1,2,0,1,2,0,1,1,1,2,1,1,0,2,0,0,2,1,1,1,1,2,0,1,1,1,0,2,1,1,2,0,1,0,1,0,0,0,1,1,1,2,2,2,2,1,2,2,0,2,2,2,1,0,0,1,2,2,1,1,1,2,1,1,0,0,1,0,0,1,1,0,1,1,1,1,0,0,1,1,1,1,0,1,0,1,1,1,1,0,1,1,1,1,1,0,1,1,0,0,1,1,1,0,1,1,1,1,0,1,0,0,1,1,1,0,1,0,1,1,1,
1,1,0,1,1,1,1,1,1,1,0,1,1,1,1,1,1,1,0,1,0,1,1,1,1,1,1,1,0,0,1,1,1,1,1,1,0,1,1,1,2,0,1,2,0,2,2,1,0,2,0,1,0,2,1,1,0,0,2,1,0,2,2,0,2,0,0,2,2,1,1,1,2,2,1,1,2,1,0,1,2,1,1,1,1,2,0,1,1,1,2,0,1,1,0,2,1,1,0,2,2,0,0,0,0,1,1,1,0,1,1,1,1,0,1,1,1,1,1,1,1,1,1,1,1,1,1,1,1,1,1,1,0,0,1,1,1,1,1,1,1,0,1,1,1,1,1,1,1,0,1,1,1,0,1,1,1,1,0,1,
0,1,0,0,1,0,1,1,1,0,1,1,1,0,1,1,1,1,1,0,0,1,1,1,1,1,1,0,1,1,1,1,1,1,1,1,1,1,0,1,1,2,2,1,1,2,0,2,2,2,2,0,2,1,1,0,0,0,0,1,1,1,2,1,1,2,0,2,2,0,1,1,2,2,0,2,2,1,1,2,1,2,2,2,2,0,2,0,1,1,2,2,1,1,2,1,0,2,1,1,2,0,1,0,1,1,1,1,1,0,1,1,0,1,0,1,1,1,0,1,0,1,1,1,1,0,1,1,0,1,1,1,1,0,0,1,0,1,1,1,1,1,0,1,1,0,1,1,1,1,1,1,0,1,1,1,1,0,1,0,
1,0,1,1,1,1,1,1,1,1,0,1,1,1,1,1,0,1,1,1,0,1,1,1,1,1,1,1,0,1,1,1,1,1,0,1,1,1,1,0,1,1,0,0,1,1,1,1,1,2,2,0,2,0,1,2,1,1,2,1,1,1,1,1,1,1,1,2,2,2,1,1,1,2,1,1,1,2,2,2,1,2,2,1,1,1,0,1,1,2,2,1,2,2,1,2,2,2,1,0,2,2,1,0,1,1,0,0,1,1,1,1,0,1,1,1,1,1,0,1,0,1,1,1,1,1,1,1,1,1,1,1,1,0,1,1,1,1,1,1,1,1,1,1,1,1,1,1,0,1,1,1,1,0,1,1,0,1,1,1,
1,1,1,1,1,1,1,1,1,1,1,1,1,0,0,1,1,1,1,1,1,1,0,1,1,1,1,0,1,1,0,1,1,1,0,1,1,1,1,1,0,2,2,2,1,0,1,2,1,0,1,1,2,0,0,0,1,2,1,0,2,2,1,2,1,1,1,1,0,1,0,1,1,2,1,0,2,2,1,2,2,1,2,2,1,0,1,0,1,2,0,2,2,0,2,0,2,1,2,1,2,2,1,0,1,0,1,1,1,1,1,1,1,1,1,1,1,1,0,0,1,1,1,0,1,1,1,1,1,0,1,1,1,1,1,1,1,1,1,1,1,1,1,1,1,0,1,1,1,1,0,1,1,1,1,0,1,1,0,1,
1,1,1,1,1,1,1,1,1,0,0,1,1,1,1,1,1,1,1,1,0,1,1,0,1,1,1,1,1,1,1,1,1,1,1,0,1,1,1,1,1,2,1,2,1,2,2,1,2,1,2,0,1,1,2,1,1,1,2,2,2,2,1,2,0,1,0,1,1,2,1,0,2,1,2,1,2,2,1,0,0,2,0,2,1,2,1,1,1,0,2,0,2,2,1,0,1,1,0,0,0,0,1,1,1,1,1,0,1,1,1,1,0,1,1,1,0,0,0,1,0,1,0,1,1,1,1,1,1,1,0,1,0,1,1,1,0,1,0,0,1,1,1,0,0,1,1,1,1,1,1,1,1,1,1,1,1,1,0,1,
1,1,0,1,1,1,1,1,1,1,0,1,0,1,0,1,1,1,1,1,1,1,1,0,1,1,1,1,0,0,1,1,1,1,1,1,1,1,0,1,2,2,2,2,1,2,2,0,1,2,0,1,2,2,2,1,1,2,0,1,1,2,0,1,1,2,1,0,2,1,2,2,1,2,2,1,1,1,1,0,2,2,1,0,1,2,2,2,1,0,2,1,1,1,0,1,2,1,2,1,0,0,1,0,1,1,1,1,1,0,1,1,0,1,1,1,0,0,1,1,1,1,1,1,1,1,0,1,1,1,1,1,0,1,0,1,1,1,1,1,1,1,1,1,1,1,0,1,1,1,1,1,1,1,1,1,1,1,0,1,
1,1,1,1,1,1,0,1,0,1,1,1,1,1,1,1,0,1,1,0,1,0,0,1,1,1,1,1,1,1,1,1,0,1,0,0,1,1,1,0,2,2,2,2,1,2,2,2,0,1,1,1,2,0,2,2,2,0,1,2,2,2,1,1,2,1,0,1,1,1,2,0,0,1,2,2,2,0,2,0,1,2,1,0,2,1,1,1,1,2,1,1,1,2,0,2,0,1,1,0,1,1,0,1,1,1,1,1,1,1,1,1,1,1,0,1,1,1,1,1,1,1,1,1,0,0,1,1,0,0,1,1,1,0,0,1,1,0,1,1,0,1,1,1,0,1,1,1,1,1,1,1,1,1,1,1,0,1,1,1,
1,1,0,1,1,0,1,1,1,0,1,1,1,1,1,0,1,1,1,1,1,1,0,1,1,1,1,0,1,0,0,1,0,1,1,1,1,1,1,1,1,1,0,1,1,2,1,1,0,0,2,2,0,0,2,0,1,0,1,2,0,2,1,1,1,1,0,1,2,0,1,2,2,2,1,2,2,1,0,2,1,0,2,2,1,0,1,2,0,1,1,0,2,1,1,1,1,2,2,1,0,1,0,1,1,1,1,1,1,0,1,1,0,1,0,1,1,1,1,0,1,1,1,1,1,1,1,1,1,1,1,1,1,1,1,1,0,1,1,1,1,0,1,1,1,1,1,1,1,1,1,1,1,0,0,0,1,0,0,1,
1,1,1,1,0,1,1,0,0,0,1,1,1,1,0,0,0,1,1,1,1,0,1,0,1,1,1,0,1,0,0,1,1,1,0,1,0,1,1,1,1,1,1,2,2,2,1,2,1,1,1,0,2,1,2,1,1,2,2,1,1,2,2,2,2,2,1,2,2,1,2,2,1,2,2,0,2,2,2,2,1,1,2,1,2,2,0,1,2,1,0,1,0,1,2,1,2,2,1,2,2,2,1,1,0,1,0,1,1,0,1,1,0,1,1,0,1,1,1,1,1,1,0,0,1,1,1,1,0,1,0,1,1,1,0,1,1,1,1,1,1,1,1,1,1,1,1,1,1,0,1,0,1,1,1,1,1,1,1,1,
1,1,1,1,1,1,0,1,0,1,1,1,1,1,0,1,1,1,0,1,1,0,0,1,0,1,1,1,1,1,1,1,1,1,1,0,1,1,1,1,0,1,0,1,2,1,2,0,0,1,1,1,2,1,1,2,1,1,2,1,2,0,2,2,1,0,1,1,1,1,1,2,2,1,1,0,0,1,2,1,0,2,2,1,1,1,1,1,1,2,0,2,2,2,0,1,1,0,1,2,2,1,1,1,1,1,1,1,1,0,0,1,1,1,1,1,1,1,1,1,1,1,1,1,1,1,1,1,1,0,1,1,1,1,0,1,1,1,1,1,1,1,1,1,1,1,1,1,1,1,0,1,1,1,1,1,1,0,1,1,
1,1,1,1,1,1,1,1,1,1,1,1,1,1,1,1,0,0,1,1,1,1,1,1,1,1,1,1,1,1,1,1,1,1,1,1,0,1,0,1,2,0,2,1,1,1,2,0,2,1,2,0,1,1,2,0,2,0,1,2,2,1,1,2,1,1,0,1,1,2,1,2,2,1,1,1,2,0,1,1,2,2,0,2,2,2,0,1,1,2,2,2,2,0,1,1,2,1,0,2,2,0,1,1,1,1,1,1,0,0,1,1,1,1,1,1,1,1,1,1,0,1,1,1,1,1,1,1,1,1,1,1,1,1,1,0,1,1,1,0,1,1,1,1,1,1,1,1,1,0,1,0,0,1,1,1,1,1,1,1,
1,1,1,1,1,1,0,0,1,1,1,1,1,1,1,0,1,0,1,1,1,1,0,1,1,1,1,1,1,1,1,1,1,0,1,1,1,1,1,1,1,1,0,2,2,2,1,2,1,1,2,2,1,0,1,1,1,1,2,2,2,2,2,2,2,0,2,1,1,2,1,1,0,2,0,2,2,0,1,2,1,0,2,2,1,2,2,1,0,2,0,1,1,0,0,1,2,2,2,2,2,0,1,0,1,0,1,0,0,1,1,1,1,0,1,1,1,0,1,1,0,1,1,1,1,1,1,1,1,1,0,1,1,1,1,0,1,1,1,1,1,1,1,1,1,1,1,1,0,1,0,1,0,0,1,1,1,1,1,1,
1,1,0,1,1,1,1,0,1,1,1,1,1,0,0,0,1,1,1,1,0,1,0,1,1,1,1,0,1,1,1,0,0,1,1,1,1,1,1,1,0,2,1,2,0,2,2,0,2,1,1,1,0,0,2,2,0,2,2,2,1,2,2,2,1,0,1,1,0,1,0,1,0,1,2,0,2,2,2,2,2,0,1,1,1,1,2,1,2,2,2,2,1,1,1,1,1,0,2,1,0,0,1,1,1,1,1,1,1,1,1,1,1,1,1,1,1,1,1,0,1,1,1,1,1,1,1,1,1,0,1,1,1,1,0,1,1,1,1,1,1,1,1,1,1,0,1,0,1,1,1,0,1,1,0,0,1,1,1,1,
1,1,0,0,1,1,1,0,1,0,0,1,1,1,1,1,1,1,1,1,1,1,1,1,1,1,0,1,0,1,1,1,1,1,1,1,1,1,1,1,0,1,1,1,1,1,0,0,1,0,1,1,1,1,1,1,1,1,1,1,2,0,1,2,2,0,0,1,1,0,1,1,2,1,2,1,2,1,2,0,2,1,1,2,1,2,1,2,0,0,2,1,2,2,2,1,2,2,0,1,0,1,1,0,1,1,1,0,1,1,0,0,1,1,1,1,1,1,1,1,1,1,1,0,1,1,0,0,1,0,1,1,0,1,1,1,1,1,1,1,1,1,1,1,1,1,1,1,1,1,1,1,0,0,1,1,1,1,1,1,
1,1,1,1,1,1,0,0,1,1,0,0,1,0,0,1,1,0,1,1,1,1,1,1,1,0,0,1,0,1,1,1,0,1,1,0,1,1,1,1,1,1,1,1,1,1,1,1,0,0,1,0,1,1,1,1,1,1,1,2,1,2,2,1,1,2,2,2,2,0,2,2,1,0,1,1,2,1,1,1,1,1,1,1,0,2,2,0,0,0,1,2,2,1,0,2,2,0,2,1,2,1,0,1,1,1,0,1,0,1,1,1,1,1,1,0,1,1,1,1,1,1,1,1,1,1,1,1,1,1,1,0,1,1,1,1,0,1,0,1,1,0,0,0,1,1,0,1,1,1,0,1,1,1,1,1,1,1,1,1,
1,1,1,1,1,1,1,1,1,0,1,1,1,0,1,1,1,0,1,0,1,1,1,0,0,1,1,1,0,1,1,0,1,1,1,0,0,1,1,0,1,1,0,0,1,1,1,1,1,1,1,1,1,1,1,0,1,0,0,2,2,1,2,2,2,2,0,2,2,1,1,1,1,2,1,1,2,0,1,2,2,0,1,2,0,2,0,1,0,2,1,1,1,1,1,2,1,1,2,1,2,0,1,0,1,1,0,1,1,1,1,0,1,1,1,1,1,1,1,1,1,1,1,0,1,1,1,1,1,1,1,1,0,1,1,1,1,0,1,1,0,1,0,1,1,1,1,1,1,1,0,1,1,0,1,0,1,1,0,0,
0,1,1,1,1,0,0,0,1,1,1,1,1,1,1,0,1,0,1,1,1,1,1,1,1,1,1,1,1,1,1,0,1,1,0,1,1,1,0,1,a,a,a,a,a,a,a,a,a,a,a,a,a,a,a,a,a,a,a,b,a,b,a,b,a,a,a,b,a,b,a,a,a,a,b,a,b,b,a,a,b,b,b,b,a,b,a,a,a,a,a,a,b,b,a,b,a,a,a,a,a,a,a,a,a,a,a,a,a,a,a,a,a,a,a,a,a,a,a,a,a,1,1,0,1,1,0,1,1,1,1,1,1,1,1,1,1,1,0,1,1,0,1,1,1,1,1,1,1,1,1,1,0,0,1,0,1,0,1,1,
1,1,0,1,1,0,1,1,1,0,1,0,1,1,1,1,1,0,1,1,1,1,1,1,0,0,1,0,1,1,1,1,1,1,1,1,1,1,1,1,a,0,0,1,1,1,1,0,1,1,1,1,1,0,1,1,1,1,1,0,1,2,2,1,2,2,2,1,1,2,2,0,2,1,2,0,2,0,0,1,1,2,1,2,2,1,2,1,2,1,0,2,2,0,0,1,0,1,2,1,2,2,1,1,1,0,0,1,1,1,1,1,0,1,1,1,1,1,1,1,a,1,0,1,0,1,1,1,1,1,1,1,1,1,1,0,1,1,1,0,1,1,0,1,1,1,1,1,1,1,1,1,1,1,0,1,0,1,1,1,
1,0,1,0,1,1,0,1,1,1,1,1,1,1,1,1,1,1,1,1,0,1,1,1,1,1,1,0,1,1,1,0,1,1,1,1,1,1,0,1,a,1,0,1,1,1,1,1,1,0,0,1,0,0,1,0,0,0,1,2,2,1,2,1,2,2,2,2,2,0,1,0,1,1,1,2,1,0,1,2,1,1,1,2,2,2,2,0,2,1,2,2,2,1,0,0,2,1,2,1,1,0,1,1,1,1,1,1,0,0,0,1,0,1,1,1,0,1,1,1,a,0,1,1,1,1,1,1,1,1,0,1,1,1,1,1,1,1,1,1,0,1,1,1,1,1,1,0,1,1,1,1,1,0,0,1,1,1,1,0,
1,1,1,0,1,1,1,1,1,0,1,1,0,0,1,0,1,0,1,1,1,1,0,1,1,1,1,1,1,1,1,1,0,1,1,1,1,1,1,1,a,0,1,1,1,1,1,0,1,0,1,1,1,0,1,1,1,1,1,2,2,2,2,2,1,2,1,0,2,2,2,2,1,1,1,1,1,2,0,2,2,0,1,0,1,2,2,2,0,2,2,1,2,0,2,1,1,2,1,2,1,1,0,1,1,1,0,1,1,1,1,1,1,1,0,1,1,0,1,0,a,1,1,0,1,0,1,1,1,1,0,1,0,1,0,0,1,0,1,0,0,1,1,1,1,1,1,1,1,0,1,1,1,0,1,0,1,1,0,1,
0,0,1,0,1,1,1,0,1,1,1,1,1,1,1,1,0,1,0,1,1,1,0,1,1,1,1,1,1,1,1,0,1,1,1,1,1,1,0,1,a,1,1,1,1,1,1,1,1,1,1,1,1,1,1,1,1,0,0,0,1,1,1,1,2,2,2,0,1,2,2,2,2,1,0,0,2,2,1,0,2,2,1,2,0,1,1,0,1,1,1,2,2,2,1,2,1,2,0,2,2,2,1,1,1,0,1,1,1,0,1,1,1,1,1,1,1,1,1,1,a,1,1,0,1,1,1,1,1,1,1,1,1,1,0,1,1,1,1,0,1,1,1,1,1,1,1,1,1,1,1,1,1,1,1,1,0,1,1,1,
1,1,1,1,1,1,1,1,1,1,1,1,0,1,1,0,1,1,1,1,1,0,0,1,1,0,1,1,1,1,1,1,1,1,1,1,1,1,1,1,a,1,0,1,0,1,1,1,1,1,1,1,1,1,1,1,1,1,1,1,0,1,1,1,2,1,2,1,2,2,2,1,2,1,1,1,2,1,1,1,1,2,2,1,1,0,1,0,1,0,1,1,2,0,1,2,1,2,2,1,1,1,1,1,1,1,1,1,1,0,1,1,0,1,1,1,1,0,1,1,a,0,0,1,1,1,1,1,1,1,1,1,0,1,1,1,1,1,1,1,0,1,1,1,1,1,1,1,1,1,0,1,1,1,1,1,1,1,0,1,
1,1,1,0,1,1,1,0,1,1,1,0,1,1,0,1,1,1,1,1,1,1,1,1,1,0,1,1,1,1,1,0,0,1,1,1,1,1,1,1,a,1,1,0,1,1,1,1,0,1,1,1,1,0,1,1,1,1,1,1,1,0,1,0,2,0,2,1,1,1,2,1,0,2,2,1,1,0,2,1,2,2,2,1,1,2,2,2,1,2,1,0,2,2,1,2,1,0,2,0,1,1,0,1,1,1,1,0,1,0,1,1,1,1,1,1,1,1,1,1,a,1,1,1,0,1,1,1,1,1,1,0,1,1,0,1,1,1,1,1,1,1,1,1,1,1,1,1,1,1,0,1,1,0,1,1,1,1,0,1,
1,1,1,1,1,1,0,1,1,1,1,1,1,1,1,1,0,1,1,0,1,0,1,1,1,0,0,0,1,1,1,1,1,1,1,1,1,1,0,1,a,1,1,1,1,1,1,1,1,1,1,1,1,1,1,1,0,1,1,1,2,2,2,2,1,0,1,2,2,2,1,1,2,1,1,2,2,1,0,2,1,2,1,2,1,2,1,1,0,1,1,1,0,1,1,1,1,0,1,1,1,1,1,1,1,1,1,1,0,1,1,0,1,1,0,1,1,0,1,1,a,1,1,1,0,0,1,0,1,1,1,1,1,1,1,1,1,1,1,0,1,0,1,1,0,1,1,1,1,0,1,0,1,1,1,1,1,1,1,0,
1,1,1,1,1,1,1,1,1,0,1,0,0,0,0,0,1,1,1,0,1,1,1,1,1,1,1,1,0,0,0,1,1,1,0,0,1,1,0,1,a,1,1,1,1,1,1,1,1,1,1,1,1,1,1,1,1,1,0,1,2,2,1,1,1,0,0,1,1,2,1,2,1,2,1,0,1,1,2,1,1,2,2,1,1,1,1,2,1,1,1,1,1,1,1,1,1,1,1,1,0,1,0,1,1,1,0,1,1,0,1,1,1,1,1,1,0,1,0,0,a,0,1,1,1,1,1,1,1,1,1,1,0,1,0,1,1,1,1,1,0,1,1,0,0,1,1,1,1,1,1,1,0,1,1,0,1,1,1,1,
0,0,1,1,1,1,1,1,1,0,1,0,1,1,1,1,1,0,1,1,1,1,1,1,1,1,0,1,1,1,1,1,1,1,1,1,1,1,1,1,a,1,1,1,1,1,1,1,1,1,1,0,1,1,1,1,1,1,0,2,2,0,2,1,1,0,1,2,0,2,1,1,0,0,2,2,1,1,2,1,0,2,0,0,2,1,1,1,1,1,1,1,1,1,1,1,1,1,1,1,1,1,1,1,0,1,1,1,1,1,1,1,1,1,1,1,1,1,1,1,a,1,1,1,1,1,1,1,1,1,1,1,1,1,1,1,1,1,1,1,1,1,0,1,1,0,1,1,1,1,1,1,1,1,1,1,1,1,0,1,
1,1,0,1,1,1,1,1,1,1,1,1,1,1,0,1,1,1,1,0,1,0,1,0,1,1,1,1,1,1,1,1,1,1,1,1,1,1,0,1,a,1,1,1,1,1,1,1,0,1,1,1,1,0,1,1,1,1,1,2,2,2,2,1,2,0,1,2,2,0,1,0,1,1,1,0,2,2,0,1,2,2,1,1,1,2,2,0,2,1,0,1,0,1,1,1,0,1,0,1,1,0,1,1,1,0,1,1,1,1,1,1,1,1,1,0,1,1,1,1,a,1,1,1,0,1,1,1,1,0,1,0,1,1,1,1,1,1,0,0,0,1,1,1,1,1,1,1,1,1,1,1,1,1,1,0,1,1,1,1,
0,0,1,1,1,1,1,1,1,1,1,1,1,1,1,1,1,1,1,1,1,1,0,1,1,1,0,1,1,1,1,1,1,1,1,1,1,1,1,1,a,1,0,1,1,1,1,1,1,1,1,1,1,1,1,1,1,1,1,1,1,1,1,1,2,0,2,2,2,2,0,2,0,2,0,2,2,2,2,1,2,2,2,2,1,2,2,2,2,1,1,1,1,1,1,1,1,1,1,1,0,0,1,1,0,1,1,1,1,1,1,1,1,1,0,1,0,1,1,1,a,1,1,0,1,0,1,1,1,1,1,0,1,0,0,1,1,1,0,1,1,1,1,0,1,1,1,1,1,1,1,0,1,1,1,1,1,1,1,0,
1,1,1,1,1,1,1,1,1,0,1,1,1,1,1,1,1,1,1,1,1,1,1,0,0,1,1,1,0,1,1,0,1,0,1,1,1,1,1,0,a,0,1,1,1,1,1,1,0,0,1,1,1,1,1,1,1,1,0,0,1,2,0,2,2,2,0,0,1,1,1,2,2,2,0,2,1,1,1,0,1,2,1,1,1,2,0,2,1,1,1,1,1,0,1,1,0,2,0,1,1,1,2,1,1,0,1,0,2,2,2,2,0,0,2,1,2,2,2,0,b,0,2,0,1,0,1,0,1,1,0,1,0,1,1,1,1,1,1,1,1,1,1,1,1,0,0,1,1,1,0,0,1,1,1,1,1,1,1,1,
0,0,1,1,1,1,1,0,1,1,0,1,1,0,0,1,1,1,1,1,1,1,1,1,1,1,1,1,1,1,1,1,1,1,0,1,1,1,1,1,a,1,1,1,1,1,1,1,0,1,1,1,1,0,1,0,1,1,1,0,2,2,2,2,0,2,2,1,0,1,0,2,2,2,1,2,2,1,2,1,2,0,2,1,2,1,2,1,1,1,1,1,0,1,1,0,0,1,1,0,2,2,0,2,1,1,1,2,2,1,1,2,2,1,1,0,2,2,1,2,a,1,0,2,1,1,1,1,1,1,1,1,1,1,1,0,1,1,1,1,1,1,1,0,1,0,1,1,1,1,1,1,0,1,1,1,1,1,1,1,
1,1,1,1,1,1,1,1,1,1,0,1,1,1,1,1,0,1,1,0,1,1,1,1,0,1,1,0,1,1,1,1,1,0,1,1,1,1,1,1,a,1,1,1,1,1,1,1,1,1,1,1,1,1,1,1,0,1,0,0,2,2,0,1,0,1,2,1,0,1,0,0,2,1,1,0,1,1,2,0,2,2,0,1,1,0,0,2,2,1,1,1,1,0,0,2,1,0,1,1,0,2,1,1,1,1,0,2,0,1,1,1,0,0,2,2,0,2,2,2,a,2,1,2,0,1,1,0,1,1,1,1,1,1,1,0,1,1,1,1,1,1,1,0,1,1,1,1,1,1,1,0,0,1,1,1,1,1,1,1,
1,0,1,1,1,1,1,1,1,1,0,0,1,0,1,1,0,1,1,1,1,1,1,1,1,0,1,1,1,1,1,1,1,1,1,1,1,1,1,1,a,0,1,1,1,0,1,1,1,0,1,0,1,1,1,1,1,0,1,2,1,0,0,1,1,2,2,1,2,1,2,1,0,1,2,2,0,1,2,1,1,1,1,0,1,2,0,2,2,0,1,1,1,1,1,2,2,1,1,2,0,1,0,1,1,2,0,2,1,0,1,0,1,2,2,1,1,1,2,0,a,2,1,1,1,1,0,1,1,0,1,1,1,1,0,1,1,1,0,1,1,1,1,1,1,1,1,1,1,1,1,1,1,1,1,1,0,0,1,1,
0,1,0,1,1,1,1,1,1,1,1,0,1,1,1,1,1,0,1,1,0,1,1,1,0,1,1,0,1,1,1,1,1,1,1,1,1,0,1,1,a,1,0,1,1,1,1,0,1,1,0,1,0,0,1,1,1,0,1,2,2,0,1,1,1,2,0,1,2,0,2,2,2,2,2,2,2,1,0,1,2,2,2,0,0,2,1,0,1,0,1,1,1,1,1,1,2,0,0,1,1,1,1,2,1,2,2,2,2,0,0,0,2,0,2,2,1,2,0,1,b,1,1,2,1,1,1,0,1,1,1,1,1,1,0,1,1,1,1,1,0,0,1,1,1,0,1,1,1,1,0,1,1,1,1,0,1,1,1,1,
1,1,0,1,1,1,1,1,1,1,1,1,1,1,1,1,1,1,1,0,1,1,1,1,1,0,1,1,1,1,1,1,1,1,1,1,1,1,0,1,a,1,0,1,0,1,1,1,1,1,1,0,1,1,1,1,1,1,1,1,2,2,1,2,1,2,2,0,0,1,1,1,2,1,1,0,2,2,0,1,0,2,1,0,1,1,0,2,1,1,1,1,0,1,0,1,0,2,1,0,1,1,0,2,1,1,2,2,1,2,2,0,1,2,0,2,1,2,0,1,a,2,1,0,2,1,1,1,0,1,1,0,1,1,1,1,1,0,1,1,1,1,0,1,1,1,1,0,1,1,1,1,1,1,1,1,1,1,1,1,
1,0,1,1,0,1,1,1,1,1,1,1,1,1,1,1,1,1,1,1,0,1,1,1,0,1,0,1,1,1,1,0,1,1,1,1,1,1,0,1,a,1,1,1,1,0,1,1,0,1,1,1,0,1,1,1,1,0,1,2,1,1,1,0,1,0,2,2,0,1,0,1,1,1,1,2,1,0,1,0,2,2,1,2,1,2,2,1,2,1,1,1,1,1,0,2,2,0,1,2,2,0,1,2,2,1,2,2,1,2,1,1,1,1,2,1,2,1,1,2,a,1,1,1,1,1,0,1,1,1,1,1,1,1,1,1,1,1,1,1,1,1,0,1,1,1,1,1,1,1,1,1,1,1,1,1,1,1,0,1,
1,0,1,1,1,1,0,1,1,1,1,1,1,1,1,1,1,1,0,1,1,0,1,1,1,1,1,1,0,1,1,1,0,1,1,1,1,0,0,1,a,1,1,2,1,1,1,2,1,0,1,1,2,0,1,1,1,1,1,1,1,0,1,2,2,1,1,1,1,1,1,1,1,1,1,0,0,1,1,1,1,1,1,1,1,0,1,1,1,1,0,1,1,1,1,1,2,1,2,1,1,1,1,0,1,1,1,2,2,1,2,1,2,2,2,2,2,1,2,2,a,1,1,2,2,1,0,1,1,1,1,0,1,1,0,1,0,1,0,1,1,1,1,1,1,1,1,0,0,1,1,1,1,1,1,1,1,1,1,1,
1,0,1,0,1,0,1,1,1,0,0,1,1,0,1,0,1,0,1,1,1,1,1,1,1,1,1,1,1,1,1,1,1,1,1,0,2,2,1,0,a,1,0,1,1,1,1,2,2,0,1,1,2,2,1,0,1,1,2,0,1,1,0,2,2,1,1,1,0,1,1,1,1,1,1,1,1,0,1,1,1,1,1,1,1,1,1,1,0,1,1,0,1,0,1,2,2,2,0,0,2,0,0,1,1,1,2,0,1,1,2,1,2,0,2,1,1,1,1,1,a,2,1,1,0,1,0,0,0,1,0,1,1,1,1,1,1,1,1,0,1,1,1,1,1,1,1,1,1,1,1,0,1,1,0,1,1,1,0,1,
1,0,1,1,1,1,1,1,1,0,1,1,1,1,0,1,1,1,1,1,0,1,1,1,1,1,1,1,1,1,1,1,1,0,1,1,2,0,2,1,a,2,2,2,1,2,1,2,0,2,1,2,0,2,1,2,1,1,1,1,2,2,2,0,2,2,1,1,1,1,1,1,1,1,1,1,1,1,0,1,1,1,1,1,1,1,1,1,1,0,1,1,1,0,0,2,2,1,0,2,1,2,1,1,2,1,0,2,1,2,2,2,2,2,2,2,2,1,2,1,a,0,1,1,1,1,1,1,1,1,0,1,1,0,1,1,1,1,1,1,1,1,1,1,1,1,1,1,1,1,1,0,1,1,1,1,1,1,1,1,
1,0,0,1,0,0,1,0,1,1,1,1,1,1,1,0,1,1,1,1,1,1,1,0,1,1,0,1,1,0,1,0,1,1,1,1,1,1,1,2,a,2,2,2,1,1,2,1,1,1,2,2,1,2,1,0,1,1,2,1,0,2,2,2,1,2,1,1,1,0,1,1,1,1,1,1,1,1,1,0,1,1,1,0,1,1,1,1,1,1,0,0,1,0,1,2,1,2,1,2,1,2,2,1,2,1,1,0,0,2,1,0,2,0,2,2,0,2,1,1,b,1,2,2,1,1,1,1,1,1,1,1,0,1,0,1,1,1,1,1,1,0,1,1,1,1,1,1,1,1,1,1,1,1,1,1,1,0,1,0,
1,1,1,1,1,1,1,1,1,1,1,1,1,1,1,1,1,1,0,0,1,1,1,1,1,0,1,1,1,1,1,1,1,1,1,0,0,2,2,0,a,2,1,1,1,2,0,2,2,2,2,2,1,1,1,1,1,2,2,0,2,2,2,1,2,0,0,1,1,1,1,1,0,0,1,0,1,0,1,0,0,1,1,1,1,1,1,1,1,1,1,0,0,1,1,0,1,2,2,2,0,2,2,2,1,1,1,0,2,2,2,2,2,2,1,2,1,2,0,2,a,2,1,0,2,1,1,1,1,1,1,1,1,1,1,0,1,1,1,1,1,0,1,1,0,1,1,1,1,0,1,1,1,0,0,1,1,1,1,1,
1,1,1,1,1,1,1,1,1,1,1,1,1,1,1,1,1,1,1,1,1,1,1,1,1,1,1,0,1,1,1,1,1,1,1,1,2,2,1,1,b,1,1,2,2,2,1,2,2,2,2,0,2,0,1,0,1,2,2,1,2,0,2,0,1,0,1,1,0,1,0,1,0,1,1,1,1,0,1,1,1,1,1,1,1,1,1,0,1,0,1,1,1,1,1,1,1,1,1,1,2,1,2,2,1,2,2,0,0,1,2,1,2,2,1,1,2,2,1,1,b,2,0,1,1,1,1,0,1,1,1,1,1,1,1,1,1,1,1,1,1,1,1,1,1,1,1,1,1,1,1,1,1,0,1,1,1,1,1,1,
1,1,1,1,0,1,1,1,1,0,1,1,1,1,1,0,0,1,1,0,1,1,1,1,1,1,0,0,1,0,1,1,1,0,1,1,1,1,2,0,b,1,2,2,1,2,2,1,0,1,2,1,1,0,1,1,2,2,2,1,0,2,2,2,1,2,0,1,1,1,1,1,0,1,1,1,1,1,1,1,1,1,1,1,1,1,1,1,1,1,1,0,1,1,1,1,1,2,0,0,1,0,0,2,2,2,2,2,2,2,1,1,1,1,1,1,2,2,1,2,a,1,2,2,2,1,1,1,1,1,1,1,1,1,1,1,0,1,1,0,1,0,1,0,1,1,1,1,1,1,0,1,1,0,0,1,1,0,1,1,
1,1,1,1,1,1,1,1,1,1,0,0,1,1,1,1,1,1,1,0,1,1,1,1,0,1,1,1,1,1,1,1,0,1,0,0,0,0,0,1,b,1,1,2,2,0,1,0,0,0,1,1,2,0,2,1,2,1,0,2,0,2,1,0,1,1,1,1,0,1,1,0,0,1,1,1,0,0,1,1,1,0,1,1,0,0,1,1,1,1,1,0,1,1,1,1,2,2,2,1,0,2,1,1,1,2,1,0,0,2,0,0,2,2,1,0,1,1,0,1,a,1,2,1,2,1,1,1,0,1,1,1,1,1,1,1,1,1,1,0,1,1,1,1,1,1,1,1,1,1,1,0,1,1,1,1,1,1,1,1,
1,1,1,1,1,1,1,1,0,1,0,1,0,1,1,1,1,1,1,0,0,1,0,1,1,1,1,1,1,1,0,1,1,1,1,1,1,2,1,2,a,1,1,0,2,1,1,1,0,1,0,2,0,1,0,1,2,2,1,0,2,1,2,2,2,1,1,0,1,0,1,1,1,1,1,1,0,1,1,1,1,1,1,1,1,1,1,1,1,1,1,1,1,1,1,2,1,1,2,1,2,1,1,2,0,2,1,2,2,2,2,1,2,0,1,1,2,0,2,1,b,1,2,1,2,1,1,1,1,1,1,0,1,0,1,0,1,1,0,1,1,1,0,0,1,1,0,1,0,1,1,1,1,1,1,1,0,1,1,1,
1,1,1,1,1,1,1,1,1,1,1,1,1,1,1,1,1,1,1,1,1,0,1,0,0,1,1,1,1,1,1,1,1,1,1,1,1,1,2,2,b,1,1,2,1,2,2,0,0,2,1,1,1,2,2,1,1,0,2,1,0,2,2,0,1,1,0,1,1,1,1,1,1,1,1,1,1,1,1,1,1,1,1,1,1,1,1,1,1,1,1,1,1,0,1,2,2,2,1,1,1,2,1,1,0,2,2,1,1,0,1,1,1,1,1,1,2,0,1,1,a,1,2,2,1,1,1,1,1,1,1,0,1,1,1,1,1,1,1,1,1,0,1,1,1,1,0,1,1,0,1,0,1,1,1,1,1,0,1,1,
0,1,1,1,1,0,0,1,1,1,1,1,1,0,1,1,1,1,1,1,1,1,0,1,0,0,1,1,1,1,0,1,1,1,0,1,2,2,1,1,b,2,2,1,1,2,0,1,1,2,1,2,2,0,2,1,1,0,0,1,2,1,2,1,2,1,0,1,1,1,1,1,1,1,0,1,1,1,0,1,1,1,1,1,1,1,1,1,0,0,1,1,1,1,1,0,2,2,1,2,2,1,1,2,1,1,2,0,0,1,2,1,0,1,0,1,2,2,1,1,a,2,2,1,1,0,1,0,1,1,1,1,1,1,1,0,1,1,0,1,1,1,1,0,1,1,1,1,1,1,1,1,1,0,1,0,1,0,1,0,
1,1,1,1,1,1,1,1,0,0,1,2,2,2,2,1,1,2,1,2,2,0,2,2,2,2,1,1,0,1,0,1,1,2,2,1,1,2,2,1,a,1,1,0,2,1,2,2,2,1,2,1,2,2,1,1,1,1,2,2,2,1,2,0,1,1,1,1,1,1,1,1,1,0,1,1,1,1,1,1,1,1,1,1,0,1,1,1,1,1,1,1,1,0,1,1,2,2,2,1,1,1,2,2,2,1,2,2,1,0,0,1,2,0,2,2,2,2,1,1,b,2,1,2,1,0,1,1,1,1,1,1,1,1,1,1,1,0,1,1,0,1,0,1,1,1,1,0,1,1,0,1,1,0,1,0,1,1,1,0,
1,1,1,1,1,0,1,1,1,2,2,2,1,1,2,0,1,0,1,2,1,1,0,2,1,1,1,2,2,0,1,2,0,2,2,1,0,1,0,0,a,1,2,2,2,2,0,1,2,0,1,1,1,2,2,2,0,0,1,1,0,1,1,1,0,2,0,1,1,0,0,1,1,1,1,1,1,1,0,1,1,1,0,0,1,0,1,0,1,1,1,1,1,1,1,2,2,1,1,2,2,1,1,1,0,1,1,2,1,2,1,1,0,1,1,2,1,2,1,1,a,2,0,2,0,0,1,0,1,1,1,0,0,1,0,1,0,1,0,1,1,1,1,0,1,1,1,1,1,0,1,0,1,1,0,1,1,1,1,0,
0,1,1,1,0,1,1,1,1,2,2,1,2,1,2,2,2,1,0,2,0,0,2,0,0,1,1,2,1,1,1,0,2,2,0,1,2,2,0,0,a,2,0,1,0,1,2,0,2,1,2,1,1,0,0,1,0,1,2,2,2,0,2,0,1,1,1,1,1,1,0,0,1,1,1,1,1,1,1,1,1,1,1,1,1,1,1,1,1,1,1,1,1,1,1,1,0,0,1,1,0,2,1,1,1,2,2,2,2,0,1,0,2,1,2,2,1,0,1,1,b,2,0,1,0,1,1,1,1,1,1,1,1,1,1,1,1,1,1,1,1,1,1,1,0,1,0,1,0,0,1,1,1,0,1,1,1,1,0,1,
0,0,1,1,1,1,0,1,1,0,1,2,1,2,2,1,2,1,1,1,2,2,2,2,1,1,0,0,2,1,2,0,1,2,1,2,2,0,2,1,a,1,2,2,1,2,0,2,2,1,0,0,1,1,2,2,2,1,0,2,2,1,2,1,0,1,1,1,1,1,1,1,1,1,1,1,1,1,1,1,1,1,0,0,1,0,1,1,1,1,1,1,1,0,1,0,2,1,1,1,0,0,1,1,1,2,2,1,1,2,1,1,2,2,2,1,1,2,1,2,b,0,2,1,1,1,0,1,1,0,1,1,1,1,1,1,1,1,1,1,1,1,1,1,1,1,0,1,0,0,0,1,1,0,0,1,0,1,1,1,
1,1,1,0,1,1,1,1,0,2,0,1,2,2,1,2,0,1,0,1,2,2,2,2,2,2,0,2,2,1,1,1,2,2,2,2,1,2,1,2,b,0,2,2,0,1,0,2,1,1,1,0,1,2,0,2,2,0,2,1,0,2,1,1,1,0,1,1,0,1,1,1,1,1,0,0,1,1,1,1,1,1,1,1,0,0,1,1,1,0,1,0,1,1,0,0,0,1,0,1,2,1,1,1,1,1,2,2,0,2,0,0,2,2,1,1,2,2,1,1,b,2,1,1,1,1,1,1,1,1,1,1,1,0,1,1,0,0,1,1,1,1,1,1,2,0,0,1,2,0,2,2,1,1,1,1,2,1,2,1,
0,1,0,1,1,1,1,1,1,2,0,2,2,1,1,1,1,1,1,1,2,2,2,0,1,2,1,2,0,2,0,2,1,0,0,2,2,2,2,2,b,2,0,1,2,2,2,1,1,1,2,1,1,2,2,2,1,2,1,0,1,2,2,0,1,2,1,1,1,0,0,1,1,1,1,1,0,1,0,0,0,1,1,1,0,1,1,0,1,0,1,1,1,1,1,2,1,0,2,0,1,1,2,1,2,2,1,1,2,0,0,2,0,2,2,2,0,1,2,2,b,2,2,2,2,1,1,1,1,1,1,1,1,1,1,1,1,1,1,0,1,1,1,1,2,2,2,0,2,1,2,1,0,2,2,1,1,0,2,2,
0,0,1,1,1,1,0,1,1,2,1,1,1,2,1,2,1,0,1,0,2,1,1,1,1,2,0,2,1,2,1,2,0,1,1,1,2,2,2,2,b,1,2,1,2,1,2,2,2,1,0,2,1,1,2,0,0,2,0,2,2,2,1,1,2,2,1,1,0,1,1,1,1,1,1,1,1,1,1,1,1,1,0,1,1,1,1,1,1,1,1,1,0,1,1,2,1,0,1,1,1,2,0,2,2,2,1,2,2,2,1,1,1,2,1,1,1,1,1,1,b,0,1,2,2,1,1,1,1,1,1,1,0,1,1,1,1,1,1,1,1,1,1,1,1,2,1,1,1,1,2,1,0,2,2,0,1,1,2,1,
1,1,1,1,0,1,1,1,1,0,1,1,1,2,1,1,1,0,1,2,2,0,2,2,0,0,1,1,2,2,0,2,1,1,1,2,2,0,1,2,b,1,1,1,1,1,1,1,2,1,2,1,1,1,1,2,2,2,1,0,2,0,1,0,1,1,1,1,1,1,1,1,1,0,1,1,1,1,1,0,0,1,1,1,1,1,1,1,1,1,1,0,1,1,1,1,2,0,1,1,1,1,1,1,1,1,0,1,2,1,2,0,2,1,2,0,2,0,1,1,a,2,1,2,1,1,0,1,1,1,1,1,1,1,1,1,0,1,1,1,1,1,1,1,1,1,0,0,1,0,1,1,2,1,1,2,0,0,2,0,
1,1,0,1,0,1,1,1,1,1,1,0,1,2,2,1,1,2,1,0,1,1,2,0,2,1,1,0,1,1,2,0,2,0,2,2,1,2,2,2,b,2,2,1,1,1,1,2,2,1,2,1,1,1,2,1,2,1,0,2,1,1,2,0,1,2,1,0,1,1,1,1,1,1,1,1,0,1,0,1,1,1,0,1,0,1,1,1,1,1,0,1,1,1,1,1,1,2,2,1,0,2,1,0,1,2,2,2,0,1,1,0,1,1,0,1,1,1,1,1,b,2,1,1,0,1,1,1,1,0,1,1,1,1,1,1,1,1,1,1,1,1,1,0,2,2,0,2,1,0,1,0,2,1,2,2,0,1,2,1,
1,1,0,1,0,1,1,1,1,1,0,1,1,1,2,1,2,0,1,2,2,2,2,2,2,1,1,1,2,1,0,1,2,1,1,0,2,1,1,0,a,1,0,2,2,2,1,2,2,1,1,2,2,0,1,1,2,1,1,2,2,2,2,2,2,1,1,1,1,1,1,1,1,0,1,0,1,1,0,1,1,0,1,1,1,0,1,1,1,1,1,1,1,0,1,1,1,2,2,2,2,2,0,2,1,2,1,1,2,2,2,2,1,0,1,1,1,1,2,1,a,0,2,1,2,1,0,1,1,0,1,1,1,0,1,0,1,1,1,1,0,0,1,1,1,2,1,2,0,2,0,2,1,1,1,1,1,0,0,1,
1,1,0,1,1,1,1,1,1,1,1,2,1,2,1,0,2,2,1,0,2,1,2,1,1,1,2,2,0,1,1,0,1,1,2,1,1,2,1,1,a,2,2,2,1,0,0,2,1,2,1,0,1,2,0,1,2,0,1,2,1,2,2,1,2,1,1,1,0,0,1,1,1,1,1,1,0,1,1,0,1,1,1,1,1,1,1,1,1,1,1,0,1,1,1,0,0,0,2,1,2,2,0,2,1,1,2,0,2,2,2,1,2,0,2,1,2,1,2,0,b,b,a,b,b,a,a,a,a,a,a,a,a,a,a,a,a,a,a,a,a,a,a,a,a,b,a,b,b,b,a,b,a,b,a,b,b,a,b,b,
0,1,1,1,1,1,1,1,1,2,1,2,1,1,2,1,1,0,2,2,1,2,1,0,2,1,2,2,1,1,1,0,2,2,2,1,2,0,1,2,b,0,2,1,2,1,1,2,2,2,0,1,2,2,2,2,2,1,1,0,1,1,0,1,1,0,1,0,1,0,1,1,1,1,1,0,0,1,1,0,1,1,1,1,1,1,1,0,1,1,1,1,1,1,1,1,1,0,2,1,1,2,1,0,2,0,2,1,2,2,1,0,0,1,0,2,2,2,2,2,1,0,2,1,1,1,1,1,1,1,1,1,0,1,0,1,0,1,1,1,1,0,0,1,1,0,1,2,1,0,1,0,2,1,2,0,0,2,1,0,
1,1,1,1,1,1,1,1,1,0,1,2,2,0,1,2,1,2,0,2,2,1,2,1,1,1,2,2,2,2,0,0,2,1,2,2,2,1,0,2,b,1,1,2,1,0,2,0,2,2,1,2,0,0,2,0,1,1,2,2,2,2,0,2,0,1,0,1,1,1,1,1,1,1,1,0,1,0,1,1,1,1,0,1,0,1,1,1,0,1,1,1,1,1,1,0,1,1,1,1,1,1,1,1,0,1,1,1,1,1,1,1,0,1,1,1,1,0,1,1,0,0,0,1,1,1,1,1,0,0,1,0,1,1,1,0,1,1,1,1,1,1,1,1,0,2,2,2,1,1,0,1,1,1,0,1,1,0,1,1,
0,1,1,1,1,1,1,1,1,2,0,0,2,1,0,2,2,0,2,2,1,2,2,1,2,0,2,1,2,0,2,2,2,1,2,0,2,1,1,1,b,2,2,1,2,0,2,2,1,1,2,2,1,1,2,2,0,1,0,2,0,2,2,1,2,1,1,0,0,1,1,1,1,1,0,1,0,1,1,1,0,1,1,1,1,1,1,1,1,1,1,0,1,1,1,1,0,1,1,0,1,1,1,1,1,0,1,1,1,1,1,1,0,0,0,1,1,1,1,1,1,0,1,0,1,1,1,1,1,0,0,0,1,1,1,1,1,1,1,1,1,1,1,1,0,2,0,0,0,2,0,1,0,1,0,2,1,1,2,1,
1,0,1,1,0,1,1,0,1,0,1,2,2,2,0,2,1,2,2,1,2,2,2,2,1,1,0,2,2,2,1,1,2,0,2,1,2,0,0,0,b,2,2,0,0,2,1,0,2,1,1,1,2,1,1,1,2,1,2,0,2,2,2,1,2,2,1,1,0,1,1,1,1,1,1,1,1,1,0,1,1,1,1,1,1,1,1,0,1,0,0,1,0,0,1,0,1,0,0,1,0,1,1,1,1,1,1,1,1,1,0,0,0,1,1,1,0,1,0,0,1,1,0,1,1,1,1,1,1,1,1,1,1,0,1,0,1,1,0,1,1,1,1,1,2,1,2,2,2,2,1,1,2,1,2,2,0,0,2,2,
1,1,1,1,1,1,1,1,1,0,2,0,1,1,1,2,2,2,2,2,2,2,0,0,0,0,2,1,2,2,0,1,2,2,2,1,2,2,1,2,a,0,2,1,1,1,2,2,b,a,b,a,a,a,b,a,b,b,b,b,a,b,a,b,a,b,a,a,a,a,a,a,a,a,a,a,a,a,a,a,a,a,a,a,a,a,a,a,a,1,1,0,1,1,1,1,1,1,0,1,1,1,1,1,1,1,1,1,0,1,1,1,1,1,1,1,1,1,1,1,1,1,1,1,1,1,1,0,1,1,1,1,1,1,1,1,a,a,a,a,a,a,a,a,a,b,a,a,b,b,a,a,b,b,b,a,a,1,2,2,
1,1,1,1,1,1,1,1,1,2,2,0,1,1,2,1,2,2,0,1,1,0,1,1,1,1,2,2,2,2,1,1,2,2,1,1,0,1,0,0,b,1,2,2,1,1,2,2,a,2,1,0,1,2,2,1,2,1,2,2,1,1,2,2,1,0,0,1,0,1,1,1,1,1,1,0,0,1,0,1,0,1,1,1,1,1,1,1,a,1,1,1,1,1,0,0,0,1,1,1,1,1,1,1,1,1,1,1,0,0,1,1,1,1,1,0,1,1,0,0,1,1,1,1,0,0,1,1,1,1,1,1,0,1,1,1,a,1,1,1,0,0,1,1,2,1,2,0,1,1,1,0,1,2,1,1,a,2,2,2,
1,1,1,1,1,1,1,1,1,2,1,2,1,2,2,2,0,1,1,1,0,1,2,2,1,2,1,2,2,1,2,2,2,0,2,2,0,1,2,2,a,1,2,1,0,1,0,0,a,1,1,0,1,1,1,0,1,2,2,1,0,2,0,0,0,2,1,1,1,1,0,1,1,1,1,1,1,1,0,1,0,0,1,1,1,1,1,1,a,1,1,1,1,0,1,1,0,0,1,1,1,1,1,0,1,0,1,1,1,1,1,1,1,1,0,1,1,1,1,1,1,1,1,1,1,1,1,1,1,0,1,1,1,1,1,1,a,1,1,1,1,0,1,1,2,2,1,2,2,1,1,2,1,0,1,2,b,0,2,2,
1,1,0,1,0,0,0,0,1,1,1,2,2,1,1,1,1,0,1,2,2,1,1,2,2,2,1,2,2,1,1,1,2,1,0,1,1,0,2,2,a,2,2,1,2,2,0,1,a,1,1,1,2,0,0,1,2,2,2,0,0,2,2,0,2,2,1,1,0,1,0,1,1,1,1,1,1,1,1,1,1,1,1,1,1,1,1,1,a,1,1,1,1,1,1,1,1,1,1,0,1,1,0,1,0,1,1,1,1,0,1,1,0,0,1,1,1,1,1,1,1,1,1,1,1,1,1,1,1,1,1,1,1,1,1,1,a,0,1,0,0,1,1,1,1,2,1,1,1,2,2,1,0,2,0,0,b,0,1,1,
1,0,1,1,1,1,1,0,1,1,0,0,0,0,1,0,2,1,1,0,0,1,0,2,2,1,1,0,1,2,1,1,0,0,0,2,2,1,1,1,a,1,0,1,1,1,1,0,a,0,1,1,0,1,1,1,1,1,1,1,1,1,1,0,1,1,1,1,1,1,0,1,1,0,0,1,0,1,1,1,1,1,1,1,1,1,1,1,a,1,0,1,1,1,1,1,1,1,1,0,1,1,1,1,1,1,1,1,1,0,1,0,1,1,1,1,1,1,0,1,1,1,0,0,1,1,1,1,0,1,0,1,1,1,1,1,a,1,1,0,1,1,1,1,1,1,2,1,1,0,2,1,0,1,0,0,a,2,2,2,
1,1,1,1,1,0,1,1,1,0,1,1,1,1,1,0,1,1,0,1,0,1,1,0,2,1,0,2,2,2,2,0,0,1,2,0,2,1,0,1,a,1,1,1,1,0,1,1,a,1,0,1,0,1,1,1,1,1,1,1,1,1,1,0,1,1,0,1,1,1,0,0,1,1,1,1,1,1,1,0,0,1,0,1,1,1,1,1,a,1,1,1,1,1,1,1,1,0,1,1,1,1,1,1,1,0,1,1,0,1,1,0,0,1,1,1,1,1,1,0,1,1,1,1,1,1,1,1,1,1,1,0,1,1,1,1,a,1,1,1,1,1,0,0,0,2,1,2,2,2,2,1,1,1,2,1,a,1,2,1,
1,1,1,1,0,1,0,1,0,2,2,1,2,2,0,0,2,1,0,0,1,1,1,0,2,2,1,1,0,2,2,0,1,2,2,2,2,2,1,1,a,1,1,1,1,1,1,1,a,1,1,0,1,1,1,0,0,1,1,1,1,1,0,1,1,1,1,0,1,1,1,1,1,0,0,1,1,1,1,1,1,1,1,1,1,0,1,1,a,1,1,1,1,0,1,1,1,1,1,1,0,1,1,1,1,1,1,1,0,1,1,1,0,0,1,1,1,1,1,1,1,1,1,1,1,1,1,1,1,1,1,1,0,1,1,1,a,1,0,1,0,1,0,1,1,2,2,2,2,2,2,1,2,2,1,1,b,1,0,1,
1,1,1,1,1,1,1,1,1,2,2,1,1,2,1,2,2,0,2,0,0,2,0,0,2,0,2,1,1,1,2,1,1,1,2,1,2,1,2,1,a,1,1,0,1,1,0,1,a,1,1,1,1,1,1,1,1,0,1,1,1,1,1,1,1,1,1,0,0,1,1,1,1,1,0,1,1,0,1,1,1,1,1,1,1,1,1,0,a,1,1,0,0,1,1,1,1,0,1,1,1,1,1,1,1,0,1,1,1,1,1,1,0,1,0,1,1,1,1,1,0,1,1,1,1,1,1,1,0,1,1,1,0,1,0,1,a,1,1,0,1,0,1,0,1,1,0,2,0,2,1,0,1,2,2,2,a,2,1,2,
0,1,1,0,1,1,0,1,1,2,2,2,1,2,2,2,1,1,2,1,1,1,0,2,2,1,0,1,1,0,0,0,2,1,2,1,1,0,2,1,a,1,0,0,1,0,1,1,a,1,1,0,0,0,1,1,0,1,1,1,1,1,0,1,0,1,1,0,1,1,1,1,1,1,1,1,1,1,1,0,1,1,1,1,0,1,1,1,a,1,1,1,0,0,1,1,1,1,1,1,1,1,1,1,1,1,1,1,1,1,1,1,1,0,1,1,1,1,1,1,1,0,1,1,1,1,1,1,1,1,1,1,0,1,1,0,a,0,0,1,1,1,1,1,1,2,1,1,1,0,0,2,1,1,0,2,a,2,1,1,
1,1,1,1,1,1,0,1,1,2,0,1,1,2,2,0,1,2,2,2,1,0,2,2,2,2,2,0,2,2,1,2,1,1,2,2,1,2,2,1,a,1,1,1,1,0,1,0,a,0,1,1,1,1,1,1,1,1,1,0,1,1,1,1,1,1,1,1,1,1,0,1,1,1,1,0,1,1,1,1,0,1,1,1,1,1,1,1,a,1,0,1,1,0,1,1,0,1,1,1,1,1,0,1,1,1,1,1,1,1,0,1,1,1,1,1,1,1,1,1,1,1,0,1,1,1,1,1,1,0,1,1,1,1,1,0,a,1,1,1,1,0,1,1,1,2,1,2,0,2,2,1,2,1,1,1,a,2,0,1,
1,1,1,1,1,0,1,1,1,2,2,2,2,2,2,2,2,2,1,0,2,1,2,0,0,2,1,2,2,1,0,2,2,2,2,0,1,2,2,1,a,0,1,1,1,1,1,1,a,1,1,1,0,1,1,1,1,0,1,1,1,1,0,1,1,1,1,0,1,1,1,0,1,1,1,1,1,1,1,1,1,0,1,1,1,1,1,1,a,1,1,1,1,1,1,1,1,0,1,1,1,1,1,1,1,0,1,1,1,1,1,1,1,1,0,1,1,0,1,1,1,1,1,0,1,0,1,1,1,0,1,0,1,0,0,1,a,1,1,0,1,1,0,1,1,0,2,2,1,2,0,1,2,1,2,2,b,2,1,2,
0,1,1,1,1,1,1,1,1,1,1,0,2,2,2,2,2,0,0,2,2,2,0,2,2,2,1,2,1,0,1,1,0,1,2,1,2,2,1,0,a,1,1,0,1,1,1,1,a,1,1,1,0,1,1,1,1,0,1,1,1,1,1,0,1,1,1,1,1,1,1,0,0,1,1,0,1,1,1,1,1,1,1,1,1,1,1,1,a,0,1,1,1,1,1,1,1,0,0,1,1,1,1,1,1,1,1,1,1,1,1,1,1,1,1,1,1,1,1,0,1,0,1,0,1,1,1,1,1,1,1,1,1,0,1,1,a,1,1,1,1,1,1,1,1,0,1,2,1,1,2,1,1,2,2,2,a,1,2,1,
0,1,0,1,1,1,1,1,0,2,0,2,2,2,0,1,0,2,0,0,0,1,2,2,0,1,1,1,0,2,1,1,2,2,0,1,2,2,0,1,a,1,1,1,1,1,1,1,a,0,1,1,1,1,1,1,0,1,1,1,1,1,0,1,1,1,1,1,1,1,1,1,0,0,1,1,1,1,1,1,1,1,0,1,1,1,0,1,a,1,1,1,1,1,1,1,1,1,1,0,0,1,1,0,1,1,1,0,1,1,1,0,1,1,1,1,1,1,1,1,1,1,1,0,1,1,0,1,1,1,1,1,1,1,1,1,a,0,1,1,1,1,1,1,1,2,1,2,2,2,2,2,1,2,1,1,a,1,2,1,
0,1,1,1,1,1,1,0,0,1,1,2,2,1,0,2,2,1,2,2,0,2,1,1,1,0,2,2,1,2,1,1,2,0,2,1,0,0,1,1,a,1,1,1,1,1,1,0,a,1,1,0,0,1,1,1,1,1,1,1,1,1,1,1,1,0,0,1,1,1,1,1,1,1,1,1,1,1,0,0,0,1,0,0,1,1,1,0,a,1,1,1,0,1,1,1,1,1,1,1,1,1,1,1,1,0,1,0,1,0,1,1,1,1,1,1,1,1,1,1,1,1,1,1,1,1,1,1,1,1,0,1,1,1,1,1,a,0,1,1,1,1,0,1,0,0,1,0,1,2,2,1,2,2,2,1,a,1,2,2,
1,1,1,1,1,1,1,1,0,2,1,0,2,1,2,2,1,0,2,1,1,2,1,1,1,2,1,1,1,2,0,1,0,1,1,2,0,2,2,1,a,0,1,1,1,1,1,1,a,1,1,0,1,1,1,1,1,1,1,0,1,1,1,1,1,1,1,1,1,1,0,1,1,0,1,1,1,1,1,1,0,0,1,1,1,0,1,1,a,1,0,1,1,1,1,1,1,1,1,1,1,0,1,0,1,1,1,1,1,1,1,0,1,1,1,1,1,0,1,0,1,1,1,0,1,0,1,1,1,1,1,1,1,1,0,1,a,1,1,1,0,0,1,1,2,0,1,0,1,0,1,1,2,2,2,2,a,2,2,1,
a,a,a,a,a,a,a,a,a,a,a,a,a,a,a,a,a,a,a,a,a,a,a,a,a,a,a,a,a,a,a,a,a,a,a,a,a,a,a,a,a,0,1,1,1,1,1,1,a,1,0,1,1,1,1,1,1,1,1,0,1,1,0,1,1,0,1,1,1,1,1,1,1,0,1,1,1,1,0,0,1,1,1,1,1,0,1,1,a,1,0,1,1,1,1,0,1,0,0,1,1,1,1,1,1,1,1,1,1,1,1,1,1,0,1,1,1,1,1,1,1,1,0,1,1,1,1,1,0,0,1,1,0,1,1,1,a,1,1,1,1,0,1,0,0,0,2,0,2,0,1,2,0,1,2,1,b,2,1,2,
1,1,1,1,1,1,1,1,1,1,1,1,0,1,1,1,1,1,1,1,2,1,1,1,1,2,1,2,2,1,2,1,0,2,1,2,2,2,2,2,2,1,2,1,1,2,0,2,a,0,1,1,1,1,1,1,1,0,0,1,0,1,1,1,1,1,1,0,1,0,1,1,1,1,0,1,1,1,1,0,0,1,1,1,1,0,1,1,a,1,1,1,1,1,0,1,1,1,0,1,1,0,1,0,1,0,1,1,1,1,0,1,1,1,1,1,1,1,1,0,1,1,1,1,0,1,1,1,0,0,0,1,1,1,1,1,a,1,1,1,1,1,1,0,1,0,2,1,2,2,2,0,1,0,2,1,a,0,2,1,
0,0,1,1,0,1,1,0,1,1,0,1,1,0,1,1,1,1,1,1,2,2,0,1,2,1,2,0,0,1,2,0,1,0,1,0,0,2,2,2,2,2,1,1,0,1,1,1,a,2,1,1,1,0,1,1,0,1,1,1,1,1,1,1,1,1,1,0,1,1,1,1,0,0,1,1,1,1,0,1,1,1,1,1,1,1,1,1,a,1,1,1,0,1,1,1,1,1,1,1,1,1,1,1,1,1,0,1,1,1,1,1,1,1,1,1,1,1,1,1,1,1,0,0,1,1,1,1,1,0,1,1,1,1,1,1,a,0,1,1,1,1,0,1,0,0,1,2,2,0,1,2,2,2,2,2,b,1,2,1,
0,0,1,1,1,1,1,1,1,1,1,1,1,1,1,1,1,1,0,1,1,1,2,1,1,1,2,1,2,2,2,2,1,2,2,0,2,2,0,2,1,2,1,1,1,1,1,1,b,1,1,1,1,1,0,1,1,0,0,1,1,1,1,1,1,1,1,1,0,1,1,0,1,1,1,1,0,0,1,1,1,1,0,1,1,1,1,1,a,1,1,1,1,1,1,1,1,1,0,1,1,1,1,0,1,1,0,1,1,1,1,1,0,1,1,1,1,1,0,1,1,1,1,1,1,0,1,1,1,1,1,1,1,1,1,1,a,1,1,1,1,1,1,1,2,2,1,0,2,2,1,1,2,1,2,1,b,2,0,1,
1,1,1,1,1,1,1,1,1,1,1,1,0,1,1,0,1,1,1,1,1,0,1,2,0,2,1,0,1,2,2,2,2,2,1,0,1,0,1,2,1,1,1,2,1,1,0,0,b,0,1,1,1,1,1,0,0,1,1,1,1,1,1,1,1,1,1,1,0,1,1,0,0,1,0,1,0,0,1,1,1,1,1,1,1,0,1,1,a,1,0,1,1,1,0,1,0,1,1,0,1,1,1,1,0,1,1,1,1,1,1,1,0,1,1,1,0,1,1,1,0,1,1,0,0,1,1,1,1,0,1,1,0,1,1,1,a,1,1,0,1,1,1,0,0,1,1,1,1,1,1,1,1,1,1,1,a,1,0,0,
1,1,1,0,1,1,1,1,1,1,1,0,1,1,1,1,1,0,0,1,2,1,2,2,2,1,2,2,2,1,1,2,2,2,1,0,1,1,1,0,1,2,1,2,1,2,1,2,a,2,1,0,0,1,1,1,1,0,0,0,1,1,1,1,0,1,1,1,a,a,a,a,a,a,a,a,a,a,a,a,a,a,a,a,a,a,a,a,a,0,1,1,0,0,0,1,1,1,0,1,1,1,1,1,1,1,1,0,1,1,1,1,1,1,0,1,a,a,a,a,a,a,a,a,a,a,a,a,a,a,a,a,a,a,a,a,a,1,1,1,1,1,0,1,1,1,1,1,1,1,1,1,1,1,1,1,a,1,1,1,
1,1,1,1,1,1,1,1,0,1,1,1,1,1,1,1,1,1,0,1,2,1,1,1,1,1,1,0,1,1,2,0,2,2,1,1,2,0,2,2,0,2,1,2,2,0,1,2,a,0,1,1,1,1,1,1,1,0,1,1,1,1,1,0,1,1,1,1,a,1,1,0,0,0,1,1,0,1,1,1,0,1,1,1,1,1,1,1,0,1,1,0,1,1,0,1,1,0,1,0,0,1,0,0,0,1,1,1,1,1,1,1,1,1,0,1,a,1,0,0,1,1,1,1,1,1,0,1,1,1,1,1,1,0,1,1,1,1,1,1,1,1,1,0,1,1,1,1,1,1,1,1,1,0,0,1,a,1,1,1,
1,0,1,1,0,1,0,1,1,1,0,1,1,1,1,1,1,0,0,1,1,2,1,0,0,0,0,1,2,2,1,1,2,1,2,1,2,1,2,2,1,2,1,1,1,2,2,2,b,0,1,0,1,1,1,0,1,1,1,1,0,1,1,1,0,1,1,0,a,0,1,1,1,1,1,1,1,1,1,1,1,1,1,0,1,1,1,1,1,1,1,1,1,1,1,1,0,0,1,1,0,1,0,1,1,1,0,1,1,1,0,1,1,1,1,1,a,1,1,1,1,1,1,1,0,1,1,1,0,1,1,1,1,1,1,1,1,0,1,1,1,0,1,0,0,1,0,1,0,1,1,1,1,0,1,1,a,1,1,1,
0,1,1,1,0,1,1,1,1,1,1,1,1,1,1,1,1,1,1,1,2,1,2,2,0,2,1,1,1,2,2,0,2,2,2,1,1,1,2,1,1,0,1,2,1,2,2,2,b,2,1,1,1,1,1,0,1,1,1,1,1,1,1,1,1,1,0,1,a,1,1,1,1,1,1,1,1,1,1,1,1,1,1,1,1,1,1,0,1,1,1,1,1,1,1,1,1,1,1,0,1,1,0,1,1,1,1,1,0,1,1,1,1,1,1,0,a,1,1,0,1,1,1,1,1,1,1,1,1,1,1,1,1,1,1,1,0,1,1,1,0,0,1,1,1,1,0,0,1,1,1,1,1,1,1,1,a,0,1,0,
1,1,1,1,0,1,1,0,0,1,1,1,1,1,0,1,1,0,1,1,2,1,2,2,2,2,0,1,0,2,2,2,0,2,2,0,2,2,2,2,2,2,2,0,2,1,1,0,a,1,1,1,1,1,1,1,0,1,1,1,0,1,1,1,1,0,1,1,a,1,1,1,1,1,0,1,1,0,1,0,1,1,1,1,1,0,1,1,1,1,1,0,1,0,0,1,0,1,1,0,1,0,1,1,1,0,1,1,1,1,1,1,1,1,1,1,a,1,0,0,1,0,1,0,1,1,1,1,1,1,1,1,1,1,0,1,1,0,1,0,1,1,1,1,0,0,1,1,1,0,1,1,1,1,0,1,a,1,1,0,
1,0,1,1,1,1,0,0,1,0,1,1,0,1,1,1,1,0,0,1,1,2,2,0,1,2,0,0,2,2,2,0,1,1,1,1,2,1,1,1,2,0,2,0,1,1,2,1,a,0,1,1,1,0,1,1,1,1,1,1,1,1,1,1,1,1,1,1,a,1,0,0,1,1,1,1,1,1,1,1,1,1,1,1,1,0,1,1,1,1,1,1,0,1,1,1,1,1,1,1,1,1,1,1,1,1,1,1,0,1,1,1,1,1,0,0,a,0,1,1,1,1,1,1,1,0,1,1,0,1,1,1,0,0,1,1,1,1,1,1,1,1,1,1,1,1,0,1,1,1,1,1,1,1,0,1,a,1,1,1,
1,1,0,0,1,1,1,1,0,1,1,0,1,1,1,1,1,0,1,0,0,2,2,2,2,1,1,2,2,1,2,0,2,1,2,2,1,2,1,1,0,0,2,1,2,1,2,2,a,1,1,1,1,1,1,1,0,0,0,1,1,1,1,1,1,1,1,1,a,1,1,1,1,1,1,1,1,1,0,1,0,1,1,1,1,1,1,1,1,0,1,0,1,1,1,1,1,1,1,0,0,1,1,1,1,1,1,1,1,1,1,1,0,0,0,1,a,1,1,1,1,1,0,1,0,1,1,1,1,0,1,1,1,1,1,1,1,0,1,1,1,0,0,1,1,0,1,1,1,1,1,1,1,0,1,0,a,1,1,1,
1,1,1,1,1,1,1,1,1,1,1,1,1,0,1,1,1,1,1,1,0,1,2,1,2,2,1,2,1,2,0,1,0,1,1,2,1,2,2,1,2,1,1,1,0,1,1,2,b,1,1,1,1,1,1,1,1,1,1,1,1,0,1,0,1,1,1,1,a,1,1,1,1,1,1,1,1,1,1,1,1,1,1,1,1,1,1,1,1,1,1,1,1,1,0,0,1,0,0,1,1,1,1,1,0,0,1,1,1,1,1,0,1,0,1,1,a,1,1,1,1,1,1,1,1,1,0,0,1,1,1,1,1,1,1,1,0,1,1,1,1,1,1,0,1,1,1,0,1,0,1,1,1,1,1,1,a,1,1,1,
1,0,1,1,1,1,1,1,1,1,1,1,1,0,1,1,1,1,0,1,2,0,1,1,2,2,1,2,0,0,1,2,1,1,2,2,1,0,2,2,2,0,1,2,2,0,2,2,a,2,0,1,1,1,1,1,1,1,1,0,1,1,0,1,0,1,1,1,a,1,1,0,0,1,1,1,1,1,1,1,1,0,1,1,1,1,1,1,1,0,1,0,1,1,1,1,0,0,1,1,1,0,1,1,1,0,0,1,1,0,1,1,1,1,1,1,a,1,0,1,1,0,1,1,0,1,0,1,1,1,1,0,0,0,0,0,1,0,1,1,0,1,1,1,1,1,1,1,0,1,1,1,1,1,1,1,a,1,0,1,
1,1,1,1,1,0,1,0,1,1,1,0,1,1,0,0,0,1,1,1,2,2,0,1,1,0,0,1,1,2,2,2,2,2,2,0,0,1,0,2,1,0,2,2,1,1,1,2,b,0,1,1,1,1,1,1,1,1,0,1,1,1,1,1,1,1,1,1,a,1,1,1,0,1,1,1,0,1,1,1,1,1,1,1,1,1,1,0,1,1,1,1,1,1,1,1,1,0,1,0,1,1,1,0,1,1,1,1,1,1,1,1,1,1,1,0,a,0,1,1,1,1,0,1,1,1,1,1,0,1,1,1,1,0,1,0,1,1,1,1,1,1,1,1,1,1,1,1,1,1,1,1,1,1,0,0,a,1,1,1,
1,1,1,1,1,1,1,1,1,0,0,1,1,1,1,1,1,1,1,1,1,0,1,0,1,0,1,1,2,1,1,2,1,1,0,1,0,1,1,2,0,1,0,2,2,0,0,2,b,1,1,1,1,1,1,1,1,1,1,1,1,1,1,1,0,1,1,0,a,1,1,1,1,1,0,1,1,1,1,1,1,1,1,1,1,1,1,1,0,1,1,1,1,1,1,1,1,1,1,0,1,1,1,0,1,1,1,1,0,0,1,1,1,1,1,1,a,1,1,1,1,1,1,0,1,0,1,0,1,1,1,0,1,1,1,1,1,1,1,1,1,1,1,1,1,0,1,1,1,1,1,1,1,1,1,1,a,1,1,1,
1,1,1,1,1,1,0,1,1,1,1,0,0,1,1,1,1,1,1,1,1,1,1,2,1,2,2,1,2,1,1,2,1,1,2,0,2,0,1,1,2,1,1,2,2,2,1,2,b,1,1,1,1,1,1,0,1,1,1,1,1,0,1,0,0,1,1,1,a,1,1,1,1,1,1,0,1,0,1,1,1,1,1,0,1,1,0,0,1,1,1,1,1,1,1,1,1,0,1,1,1,1,1,1,1,0,1,0,0,1,0,1,1,0,1,1,a,1,0,1,1,0,1,1,1,1,1,1,1,1,1,0,1,0,1,1,0,1,1,0,1,1,1,0,1,1,1,1,1,1,1,1,1,1,0,1,a,1,1,1,
1,1,0,1,1,1,1,1,1,1,1,1,1,1,0,1,1,1,1,1,2,2,1,2,0,2,1,2,2,2,0,1,1,2,2,0,2,1,2,0,1,1,1,1,1,1,2,1,a,2,0,0,0,1,1,1,1,1,1,1,1,1,1,1,1,1,0,1,a,1,1,1,1,1,1,1,1,1,1,1,0,1,1,1,1,0,1,0,1,1,1,1,1,1,1,1,1,1,1,0,1,0,0,1,0,1,1,1,1,1,0,0,1,1,0,1,a,0,1,1,1,1,1,1,0,1,0,1,0,0,1,1,1,1,1,1,1,1,1,1,1,1,1,1,1,1,1,1,1,1,1,1,1,0,1,1,a,1,1,0,
1,0,1,1,0,1,1,0,1,0,0,1,0,1,1,1,1,1,0,1,2,2,1,1,1,2,1,2,1,2,2,1,2,2,2,2,2,1,1,0,2,2,2,1,2,2,0,1,b,2,1,0,1,1,1,1,1,0,1,1,0,1,1,1,0,1,1,1,a,1,1,1,1,0,1,1,0,1,0,0,1,1,1,0,1,1,1,1,1,1,0,0,1,0,1,1,1,1,1,0,1,1,1,1,1,0,1,1,1,1,1,0,1,1,1,1,a,1,0,1,1,1,1,0,1,1,1,1,0,1,1,1,1,1,1,1,1,1,1,1,1,1,1,0,1,1,1,1,1,1,1,0,0,1,0,1,a,0,1,1,
0,1,1,1,1,0,1,1,1,1,1,1,1,1,1,1,1,1,1,1,1,2,0,1,2,2,2,2,2,2,2,1,1,1,2,1,1,0,1,1,1,1,1,2,2,2,1,2,b,2,0,1,1,1,1,1,1,1,1,1,1,1,0,1,1,1,1,1,a,1,1,1,0,1,1,1,0,1,1,1,1,1,1,1,1,0,0,1,1,1,1,1,0,1,1,1,1,1,1,1,0,1,1,1,1,1,1,1,1,1,1,1,1,1,1,1,a,1,1,1,1,1,1,1,1,1,0,1,1,1,0,1,1,1,1,0,1,1,0,1,0,1,1,1,0,0,1,1,1,1,1,1,1,1,1,1,a,1,1,1,
1,1,1,1,0,1,1,1,1,1,0,1,1,1,1,1,1,1,1,1,2,1,1,0,2,2,1,2,2,1,0,2,2,2,1,2,2,2,2,2,1,2,2,0,1,0,2,2,a,0,1,1,1,1,1,1,1,1,1,1,1,1,0,1,1,1,1,1,a,0,1,1,1,1,1,1,1,0,1,1,1,0,1,1,1,1,1,1,1,1,1,1,1,1,1,1,1,1,1,1,1,1,0,0,1,1,1,1,1,1,1,1,1,1,1,1,a,1,1,1,1,1,1,1,1,1,1,1,1,1,0,1,1,0,0,1,1,1,1,1,1,1,1,1,1,0,1,1,1,1,1,1,1,1,1,1,a,1,1,1,
1,1,0,1,1,1,1,1,1,0,1,1,1,1,1,1,1,1,1,1,1,1,1,1,1,2,1,1,1,2,2,0,2,2,1,1,0,2,2,2,1,2,1,0,1,0,1,2,a,0,1,0,1,0,1,1,1,1,1,0,1,1,1,1,1,1,1,0,a,1,1,1,0,1,0,1,0,0,1,1,1,1,1,0,1,1,1,1,0,1,1,1,0,0,1,1,1,1,1,1,1,0,1,1,1,1,1,1,1,1,1,0,0,1,1,1,a,1,0,1,1,1,1,1,1,0,1,0,1,0,1,0,1,1,0,1,1,0,1,1,1,1,1,1,1,1,1,1,1,1,1,0,1,1,1,1,a,1,0,1,
1,1,0,1,1,1,1,1,0,1,1,1,1,1,0,1,1,1,1,1,1,2,1,2,1,2,2,0,1,2,0,1,1,2,0,0,0,2,2,1,2,1,0,0,1,0,2,0,b,1,1,1,1,1,1,0,1,1,1,1,1,1,1,1,1,1,1,1,a,1,1,1,1,1,0,1,1,1,1,0,1,0,1,0,1,1,1,1,0,1,1,1,1,1,1,1,1,1,0,1,1,1,1,0,1,0,1,1,1,1,1,1,0,0,1,1,a,1,1,1,1,0,1,1,1,1,0,1,1,1,0,1,1,1,1,0,1,1,1,1,1,1,1,1,1,1,0,0,1,0,1,1,1,1,1,1,a,0,1,0,
1,0,1,1,1,1,1,1,1,1,1,1,1,1,1,1,1,1,0,1,2,0,1,1,2,1,0,0,0,2,2,1,0,2,2,1,0,1,1,2,1,1,1,1,0,0,2,2,a,2,1,1,0,1,1,1,1,1,1,1,0,1,1,1,1,1,0,0,a,0,1,1,1,1,1,0,1,1,1,0,0,1,1,0,1,1,1,1,1,0,1,1,1,1,0,1,1,0,1,1,1,1,0,1,1,1,1,1,1,1,1,1,1,1,1,1,a,1,1,1,1,1,1,1,1,1,1,1,1,1,0,1,1,1,1,1,0,1,1,1,1,1,0,1,1,1,0,0,1,1,1,1,1,1,1,1,a,1,0,0,
1,0,1,1,0,1,1,1,1,1,1,0,0,1,1,1,0,0,1,1,2,1,2,1,0,2,1,2,0,2,1,2,0,1,2,2,1,1,2,1,2,2,2,1,2,0,1,2,a,2,1,1,1,0,1,1,1,1,1,1,1,1,1,1,1,1,0,1,a,1,1,1,1,1,0,1,1,1,0,1,1,1,1,1,1,0,1,1,0,0,1,0,1,1,0,1,1,1,1,1,1,1,0,1,0,1,1,1,0,1,1,1,1,1,1,1,a,1,1,1,1,1,1,1,1,1,1,1,1,1,1,1,0,1,1,1,1,0,1,1,1,0,1,1,1,1,1,1,1,0,1,1,1,1,0,0,a,0,1,0,
1,1,1,1,0,1,1,1,1,1,1,0,1,1,1,1,1,1,0,1,2,1,1,1,2,1,2,1,2,1,1,2,1,2,1,2,1,1,0,1,2,1,2,1,2,1,2,1,a,0,1,1,0,1,1,1,0,1,1,1,0,1,0,1,1,1,1,0,a,1,1,1,1,0,1,1,0,1,1,1,1,1,1,1,1,1,1,1,1,1,1,1,1,0,1,1,1,1,1,1,1,0,1,0,1,1,0,1,1,1,1,0,1,1,1,1,a,1,1,0,1,1,1,1,1,0,1,1,1,1,1,1,1,1,1,0,1,1,1,0,1,1,1,1,1,0,1,1,1,1,1,1,1,1,0,1,a,1,1,1,

