87,10|101,105|101,105|101,105|101,105|101,105|101,105|101,105|101,105|101,105|
87,10|101,105|101,105|101,105|101,105|101,105|101,105|101,105|101,105|101,105|
47,132
78,106
107,157
13,103
41,53
46,72
87,120
93,109
1,1,1,1,0,1,0,1,0,0,1,0,1,1,0,1,1,0,1,1,0,0,1,1,1,1,1,1,0,1,1,1,1,0,1,1,0,0,1,0,1,0,1,1,0,1,1,1,1,1,1,1,1,1,1,1,0,0,1,1,1,1,1,0,0,1,1,1,1,1,1,0,1,1,1,1,1,1,1,1,1,1,1,1,1,1,1,1,1,1,1,1,1,1,1,1,1,1,1,1,1,0,1,0,0,1,0,1,1,1,1,1,1,1,1,1,1,1,1,0,1,1,1,1,1,0,1,1,1,1,0,1,0,1,0,1,1,1,1,1,0,1,0,1,1,1,1,1,1,0,1,1,1,1,1,0,1,1,1,1,
0,0,1,1,1,1,1,1,0,0,1,1,1,0,1,1,1,0,1,1,1,1,0,1,1,1,1,1,1,1,1,0,0,1,1,1,1,0,0,1,1,1,1,1,1,0,0,1,1,1,1,1,0,1,1,1,0,0,1,1,1,1,1,1,1,1,0,1,0,1,0,0,1,1,1,1,1,0,1,1,1,1,1,1,1,1,1,1,1,2,1,2,1,2,0,2,2,1,0,1,2,1,2,2,1,2,0,2,0,1,0,2,1,0,2,1,2,2,1,1,1,1,1,1,1,1,1,1,1,1,0,1,1,0,0,1,1,1,1,1,1,1,1,1,1,1,0,1,1,0,1,1,1,1,1,1,1,1,1,1,
1,1,1,1,0,1,0,1,1,1,0,0,0,1,0,1,0,1,1,0,1,1,0,1,1,1,0,1,0,1,1,1,1,1,1,1,0,1,1,0,1,0,0,1,1,1,0,1,1,1,1,0,1,1,1,1,1,0,1,1,1,1,1,1,1,1,1,1,0,1,1,1,1,1,1,0,1,0,1,1,1,1,1,1,1,0,1,1,1,2,1,2,0,2,1,0,1,2,1,2,2,1,0,0,2,2,1,1,1,2,1,2,2,2,1,1,2,0,1,1,1,1,1,1,0,1,1,1,1,1,1,1,1,1,1,1,1,1,0,1,0,1,1,1,1,1,1,1,1,1,1,1,0,1,1,1,1,1,1,1,
1,0,1,1,1,0,1,1,1,1,1,0,1,1,1,0,1,1,1,1,1,1,1,1,1,1,1,1,1,1,1,1,0,1,0,1,1,1,1,1,1,1,1,1,0,1,1,1,0,1,0,0,1,0,1,0,1,1,0,1,0,1,1,0,0,1,1,1,1,1,1,1,1,1,0,1,1,1,1,0,1,1,1,1,1,0,1,1,2,0,2,2,1,1,2,2,1,2,2,1,2,1,0,1,2,1,1,1,1,1,1,1,0,2,1,2,2,1,1,1,1,1,1,0,1,1,1,1,1,0,1,1,1,1,1,1,1,1,0,1,1,1,1,1,1,1,1,1,1,1,1,1,1,1,1,1,1,1,1,1,
1,1,1,1,1,1,1,1,1,1,1,0,0,0,1,1,1,1,1,1,1,1,1,1,1,1,1,1,1,1,0,0,1,1,1,0,1,1,1,1,1,1,1,1,0,1,1,1,1,1,1,1,1,1,0,1,1,1,1,1,0,1,1,1,1,0,0,1,1,1,0,0,1,1,1,1,1,0,1,1,0,1,1,0,1,0,1,1,2,2,1,2,1,0,2,1,1,1,1,2,1,0,0,1,0,1,1,2,2,2,1,1,2,1,2,0,2,0,1,1,1,1,1,1,1,1,1,1,1,1,1,1,1,1,1,1,0,1,1,1,1,0,0,1,1,1,1,1,1,1,1,1,1,1,1,1,1,1,1,1,
1,1,1,1,1,0,1,1,1,1,1,1,1,1,0,1,1,1,0,0,1,1,1,0,1,1,0,1,1,1,1,0,1,1,0,1,1,1,1,0,1,1,0,1,1,1,0,0,0,1,1,1,1,1,1,0,1,1,1,1,1,1,1,0,1,1,1,1,0,1,1,1,1,1,1,1,1,1,1,0,0,0,1,1,1,1,0,1,2,2,2,1,1,2,2,0,1,1,0,0,1,1,2,2,1,2,1,2,1,1,2,1,0,0,0,2,2,2,0,1,1,0,1,1,0,0,1,1,1,1,1,1,0,1,1,0,0,1,0,1,1,1,0,1,1,1,0,1,1,1,1,1,1,1,1,0,1,1,1,1,
1,0,1,1,0,1,1,1,1,1,1,1,1,1,1,1,1,1,1,1,1,1,1,1,1,1,1,1,1,1,1,0,1,1,1,0,1,1,1,1,1,0,1,1,0,0,1,1,1,1,1,0,0,1,1,1,1,0,1,1,0,1,0,0,1,1,1,1,1,1,1,1,1,1,0,1,1,1,1,1,1,0,0,1,1,1,1,1,1,1,1,2,1,2,2,2,0,1,1,1,1,1,0,1,2,2,2,1,1,1,0,1,1,2,1,2,0,2,1,1,1,0,1,1,0,1,1,1,1,1,1,1,0,1,1,0,1,1,1,1,1,1,1,1,1,1,0,0,1,1,1,1,0,1,1,1,1,1,1,0,
0,1,1,1,1,0,1,0,0,0,1,0,1,1,1,1,1,0,1,1,1,1,1,0,1,0,1,1,1,1,1,1,1,1,1,1,1,1,0,1,0,1,1,1,0,1,1,1,1,1,1,0,1,1,1,1,1,0,1,1,1,1,1,1,1,0,1,1,1,1,1,1,1,1,1,1,1,1,0,0,0,1,0,1,1,1,1,1,1,2,2,1,2,0,0,2,2,1,0,0,2,0,1,1,2,2,1,1,0,2,1,2,1,1,2,0,0,2,1,0,1,0,1,1,1,0,1,1,0,1,1,1,1,1,1,1,1,0,1,1,1,1,0,0,1,1,1,0,1,1,1,1,1,1,1,1,0,1,1,1,
1,1,0,1,1,1,0,1,1,1,1,1,1,1,0,1,1,1,1,0,0,1,1,1,0,1,1,1,1,1,0,0,1,1,1,1,1,0,1,1,1,1,1,1,1,1,1,1,1,0,1,1,1,0,1,1,1,1,1,1,1,0,1,1,1,1,1,1,1,1,1,1,0,1,1,1,1,1,0,0,1,1,1,1,1,1,0,1,1,1,1,2,1,1,1,2,1,2,1,1,1,1,2,1,2,2,1,2,2,1,1,2,0,1,2,0,0,2,1,0,1,0,1,1,1,1,1,1,1,1,1,1,1,1,1,1,1,1,0,1,1,1,1,1,1,1,1,1,1,1,1,1,1,1,1,1,1,1,1,1,
0,1,1,1,1,1,1,1,0,1,1,1,1,1,1,1,1,1,1,1,1,1,1,1,1,1,1,1,1,1,1,0,1,1,1,1,0,0,0,0,1,1,1,1,1,0,1,0,1,1,1,1,1,1,1,1,1,1,1,1,0,0,1,1,1,1,1,1,1,1,1,1,1,0,1,1,1,0,1,1,1,1,1,1,1,1,0,0,2,1,1,2,2,1,1,0,1,0,2,1,2,1,2,0,2,2,2,0,1,2,2,2,2,1,0,1,2,0,0,1,1,0,1,1,1,1,1,1,1,0,0,1,1,1,1,1,1,1,1,1,1,1,1,0,1,1,1,1,1,1,1,1,0,0,1,1,1,1,1,1,
0,1,1,1,1,1,1,0,1,1,1,1,1,1,0,1,1,0,1,1,1,1,0,1,1,1,0,1,1,1,1,1,1,1,1,1,1,1,0,1,1,0,1,1,1,0,1,1,1,1,1,1,1,1,1,1,1,1,1,1,1,1,0,1,1,1,0,1,1,1,0,1,1,1,1,1,1,1,1,1,1,1,1,1,1,1,1,1,0,0,0,0,1,0,2,1,0,0,1,2,2,0,2,2,2,1,2,2,2,1,1,2,1,0,1,0,1,0,0,1,1,1,1,0,1,1,0,1,1,1,1,1,1,1,1,1,1,1,1,1,1,1,0,1,0,1,1,1,1,1,1,1,1,1,0,1,1,1,1,0,
1,1,1,0,1,1,1,0,1,1,1,1,1,1,1,1,0,1,1,1,1,1,1,0,1,1,1,1,1,0,1,1,1,1,1,1,1,1,1,1,1,1,1,1,1,1,1,0,0,0,1,0,1,1,1,1,1,1,1,1,1,1,1,1,1,1,1,1,1,0,1,1,1,1,1,1,1,1,1,0,1,1,1,1,1,1,1,1,0,2,1,2,2,2,2,1,1,1,2,1,2,2,1,2,1,2,0,1,0,1,0,1,0,1,2,2,2,1,1,1,1,1,1,1,1,1,1,1,1,1,1,1,1,0,1,1,1,0,1,1,1,1,0,1,0,1,1,1,1,1,1,1,1,0,1,1,1,1,1,1,
1,1,0,1,0,1,1,1,1,0,1,1,1,1,1,1,1,1,1,1,0,0,1,1,1,1,0,1,0,1,1,0,0,1,0,0,1,1,1,1,1,0,1,1,1,1,1,1,0,1,1,1,1,1,0,1,1,1,1,0,1,1,1,1,1,1,1,1,0,0,1,1,1,1,1,1,1,1,1,1,0,1,1,1,1,1,1,1,1,1,1,1,1,0,1,2,1,2,1,0,0,2,2,1,1,0,2,1,1,0,0,2,2,1,1,1,2,1,1,1,1,1,0,1,1,0,1,1,0,1,1,0,1,1,1,1,1,1,1,1,0,1,1,0,1,1,1,0,1,1,1,1,1,1,1,0,1,0,1,1,
1,1,1,1,1,0,1,0,0,1,1,1,0,1,1,1,0,1,1,0,1,0,0,1,0,1,1,1,1,1,1,0,1,0,1,1,1,1,1,0,0,1,1,1,1,1,1,1,0,1,1,1,1,1,0,0,1,0,0,1,1,0,1,1,1,1,0,1,1,1,1,1,1,1,0,1,1,1,1,1,1,1,1,1,0,0,1,1,1,2,1,1,2,2,1,2,1,2,0,1,1,2,1,1,0,2,1,2,0,1,1,1,1,2,1,0,1,0,1,1,0,1,1,1,0,1,1,1,0,1,1,1,1,1,0,1,1,1,1,1,1,1,1,1,1,1,1,1,1,1,1,1,1,1,1,1,1,1,1,1,
1,1,1,1,1,1,0,1,1,0,1,0,1,1,0,1,1,1,1,1,1,1,1,1,1,1,1,0,1,0,0,1,1,1,1,1,1,0,1,1,1,1,0,0,1,0,1,1,0,0,1,1,1,1,1,1,1,1,1,0,1,1,1,1,1,1,1,1,1,1,0,1,1,1,1,1,1,1,1,1,1,1,1,1,0,1,1,1,2,0,1,0,2,1,1,1,1,1,1,1,1,2,2,0,1,1,2,1,2,0,2,1,2,0,1,0,1,2,1,1,1,0,1,0,1,1,0,0,0,1,1,1,1,0,1,1,1,1,1,1,1,1,1,1,1,1,1,1,1,1,1,1,1,1,1,1,0,1,1,1,
0,1,1,1,1,0,0,1,1,1,1,1,1,1,1,1,0,1,1,1,1,0,1,1,0,1,0,0,0,1,1,1,1,1,1,0,1,1,1,1,1,0,0,1,0,1,1,1,0,1,1,1,1,1,1,1,1,1,0,0,1,1,1,1,1,1,1,1,1,1,1,1,1,1,1,1,0,1,1,1,1,1,1,1,1,1,0,1,2,2,2,1,1,1,1,1,2,2,2,1,1,1,1,1,0,0,2,1,2,2,2,2,1,1,1,2,1,2,0,1,1,1,1,0,1,1,1,1,1,1,1,1,0,0,0,1,1,1,1,1,1,1,1,1,1,1,1,1,1,1,0,1,1,1,1,0,0,1,0,1,
1,1,1,1,1,1,1,1,1,0,1,1,1,1,1,1,0,1,1,0,0,0,0,1,1,1,0,0,1,1,1,1,1,1,0,1,0,1,1,1,1,1,1,1,1,1,1,1,1,1,1,1,0,1,0,1,0,1,1,1,1,1,1,1,1,1,1,1,1,1,1,1,1,0,0,1,1,1,1,1,0,1,1,1,1,0,1,1,1,1,1,1,2,2,2,2,0,1,0,2,1,2,1,2,2,2,2,2,2,1,1,2,1,0,2,2,0,0,1,0,1,1,1,1,1,1,1,1,1,1,1,1,1,0,1,1,1,0,1,0,1,1,0,1,1,1,1,1,1,1,1,0,1,1,1,1,1,1,1,1,
1,0,1,1,0,1,0,1,1,1,1,1,1,1,1,1,1,1,1,1,0,1,1,1,0,1,1,1,1,1,1,0,0,1,0,0,1,0,1,1,1,0,0,1,0,1,1,1,0,0,1,0,0,1,1,1,1,0,1,1,1,1,0,1,0,1,1,0,0,1,1,1,1,1,1,1,1,0,0,1,1,1,1,1,1,1,1,1,1,1,1,1,2,2,1,0,2,0,2,0,1,1,2,2,2,1,2,2,0,1,2,1,1,2,2,0,1,0,0,1,1,1,1,1,1,1,1,1,1,1,1,1,1,1,1,0,1,0,1,1,1,1,0,1,1,1,1,1,1,1,1,1,1,0,1,0,1,1,1,1,
1,1,1,1,1,0,1,1,1,1,0,1,1,1,1,1,1,1,1,1,1,1,1,1,1,1,1,1,0,1,0,1,0,1,1,1,1,1,1,1,0,1,0,1,1,1,1,1,0,1,0,1,1,0,0,1,1,1,1,0,1,0,1,0,1,1,1,1,1,1,1,1,1,1,1,1,1,1,0,1,1,1,0,1,0,1,0,1,0,1,0,1,1,1,2,1,1,2,2,2,1,1,1,1,1,1,0,0,0,2,1,0,2,2,1,2,2,2,1,0,1,0,1,1,1,1,0,1,1,0,0,0,1,1,1,1,1,1,0,0,1,1,1,1,1,1,0,1,1,1,1,1,1,1,1,0,0,1,1,1,
0,0,0,1,1,1,0,1,1,1,1,1,1,1,1,1,1,1,1,1,1,1,1,1,1,1,1,1,1,1,1,1,1,1,1,1,1,1,1,0,1,0,0,1,1,1,1,1,1,1,1,1,1,1,1,0,1,1,1,1,0,1,1,1,1,1,1,1,1,1,0,1,0,1,1,1,1,1,1,1,0,1,1,1,1,0,1,0,2,0,2,2,2,1,2,2,2,2,2,1,2,2,2,2,1,2,1,2,0,2,1,2,2,1,2,2,2,1,1,0,1,1,0,0,1,1,1,1,1,1,1,0,1,1,1,1,1,1,1,1,1,1,0,1,1,1,0,1,0,0,1,1,1,1,1,1,0,1,1,1,
1,1,1,1,0,1,1,1,1,1,0,1,1,1,0,0,1,1,1,1,0,0,0,1,0,0,1,0,1,1,0,1,0,1,1,1,1,1,1,1,1,1,0,1,1,1,1,1,1,1,1,0,1,1,1,1,0,1,1,1,1,1,1,1,1,0,0,0,1,0,1,1,1,1,1,1,1,1,1,1,1,1,1,1,0,0,0,1,2,1,1,1,1,0,2,1,1,2,2,1,1,0,2,0,2,2,2,2,0,2,2,2,1,2,1,1,0,2,1,1,1,1,0,0,1,1,1,1,1,1,1,1,1,1,1,1,1,1,1,0,1,0,1,1,1,1,0,1,1,1,1,1,1,1,1,1,1,1,0,1,
1,1,1,1,1,0,1,0,1,0,1,1,0,1,0,1,1,0,1,1,1,0,1,0,0,1,1,1,1,0,1,1,1,1,1,0,1,1,1,0,1,1,1,1,1,1,1,0,1,1,1,1,1,1,0,1,0,1,1,1,1,1,1,1,1,1,1,0,1,1,1,1,1,1,0,1,1,1,1,1,1,1,1,1,1,1,1,1,1,1,1,2,2,2,0,1,1,2,2,2,1,1,1,1,1,0,1,2,1,1,0,2,2,0,1,2,1,2,1,1,1,1,1,1,0,0,1,1,1,1,1,1,1,1,1,1,1,1,1,1,1,1,0,1,1,1,0,1,1,0,1,1,1,1,0,1,1,1,1,1,
1,1,1,1,1,1,1,1,1,1,1,1,1,1,1,1,0,1,1,1,1,0,1,0,1,1,1,1,0,1,1,1,0,1,1,1,1,1,1,0,1,1,1,1,1,1,1,1,0,1,1,1,1,1,1,0,1,1,1,1,1,1,1,1,1,1,0,1,1,0,1,1,1,1,1,1,1,1,1,1,1,1,1,1,1,1,1,1,2,2,1,2,1,2,1,2,2,2,1,1,0,0,1,2,1,0,2,1,1,1,1,1,0,0,1,1,1,1,0,1,1,1,1,1,1,1,0,1,1,1,1,0,1,1,1,1,1,1,1,1,1,0,0,1,1,0,1,0,1,1,1,0,1,1,1,1,1,1,0,1,
1,1,1,1,1,1,1,1,1,1,0,1,1,1,0,0,1,1,1,0,1,0,1,1,1,1,0,0,1,0,1,0,1,1,1,0,1,1,1,1,1,1,1,1,1,1,1,1,0,1,0,1,0,1,1,1,1,1,1,0,1,1,1,1,1,1,1,1,1,0,1,1,1,1,1,0,1,0,1,1,1,1,1,1,1,0,1,1,0,1,1,1,2,1,1,0,2,0,0,0,2,2,0,2,1,2,2,2,2,2,2,2,1,2,2,1,2,0,1,1,1,1,1,1,1,1,1,0,0,1,1,1,1,1,1,1,0,1,1,1,1,1,1,1,1,1,1,1,1,1,0,1,1,1,1,0,1,1,0,1,
1,1,1,1,1,1,1,1,1,1,1,1,1,1,1,1,1,1,1,1,0,1,1,0,1,1,1,0,1,1,1,0,1,1,1,1,1,1,1,1,1,1,1,1,1,1,1,1,1,1,1,1,1,1,1,0,1,0,1,1,1,1,0,1,1,1,1,0,1,0,1,1,1,0,1,1,1,1,1,1,1,1,1,1,1,1,1,1,2,1,1,1,2,0,1,2,1,2,1,2,2,1,1,2,1,1,2,2,2,1,0,2,0,1,1,1,1,2,1,0,1,0,1,1,1,1,1,0,1,1,1,1,1,1,1,1,1,1,0,1,0,1,1,1,1,0,1,1,1,1,1,1,0,1,0,1,1,1,1,1,
0,1,1,1,1,1,1,1,1,0,0,1,1,1,0,1,1,1,0,0,1,1,1,1,1,1,1,1,0,0,0,1,1,1,0,1,0,1,1,1,1,1,1,1,1,0,1,1,1,1,1,1,1,1,0,1,1,1,1,1,1,1,1,1,1,1,1,1,0,1,1,1,1,1,1,1,1,1,1,1,1,1,1,1,1,1,1,1,1,0,2,1,2,2,1,2,2,1,2,1,1,2,0,1,2,2,2,1,0,0,2,0,0,1,2,2,1,0,0,0,0,0,1,1,1,1,1,1,1,1,1,1,1,1,0,0,1,0,1,1,1,1,1,1,1,0,1,1,1,1,1,1,0,1,1,1,1,1,0,1,
1,0,0,1,1,1,1,1,1,0,1,1,1,1,1,0,1,1,1,0,1,1,1,1,1,1,1,1,1,0,0,0,1,1,1,0,1,1,2,0,0,2,2,2,1,1,0,2,1,1,1,1,0,1,0,2,2,1,1,1,2,2,1,2,1,0,1,2,1,1,1,1,1,1,0,1,1,1,1,1,1,1,1,1,1,1,1,1,0,2,2,1,2,1,1,2,0,1,1,2,2,1,1,2,2,2,1,1,1,2,2,2,1,1,0,2,2,2,1,1,0,1,1,1,1,1,1,1,1,1,0,1,1,0,0,1,1,1,0,1,1,1,1,1,1,0,1,1,1,1,1,1,0,1,1,1,1,1,1,1,
1,1,1,0,1,1,1,1,1,1,1,0,0,0,1,1,1,1,1,1,1,1,0,1,1,1,1,1,1,1,1,1,1,0,1,1,1,1,2,2,2,2,1,0,2,2,2,0,0,1,1,1,1,1,2,0,1,2,2,1,2,2,1,2,2,2,2,0,1,0,1,1,1,1,1,1,1,1,1,1,0,1,1,1,1,1,1,1,0,2,1,2,2,1,2,2,1,1,1,1,1,1,1,2,2,1,2,2,1,0,2,1,2,2,2,2,1,1,1,1,1,1,1,1,1,1,1,1,1,1,1,0,0,1,1,1,1,1,1,0,1,1,1,1,0,1,1,1,1,1,0,1,0,1,1,0,1,1,1,1,
1,1,1,1,1,1,1,1,0,0,0,1,1,1,1,0,1,0,1,1,1,0,1,1,1,1,1,1,1,1,1,0,1,1,1,1,1,0,2,0,1,0,1,1,1,1,2,2,1,1,1,2,2,2,2,1,0,2,2,2,1,0,1,2,1,2,2,0,1,1,1,1,1,1,1,0,1,1,1,1,1,1,1,1,1,0,1,1,1,1,1,1,0,0,0,0,1,1,1,1,1,0,1,0,0,1,1,1,0,1,0,1,0,1,1,1,1,0,1,1,1,1,1,1,1,1,1,1,1,0,1,1,1,1,1,1,1,1,1,1,1,1,1,1,1,1,1,1,1,1,1,1,1,1,0,1,1,1,0,1,
1,1,1,1,0,1,1,1,0,1,1,1,1,1,1,0,0,0,1,1,1,1,1,1,1,0,0,1,1,1,1,0,1,0,1,1,1,1,1,1,2,0,2,1,1,1,1,2,2,2,2,2,1,2,2,2,1,2,1,1,1,2,2,1,1,1,1,1,1,1,1,1,1,1,1,1,1,1,1,1,0,1,1,1,1,1,1,1,1,0,1,0,1,1,1,1,1,1,1,1,0,1,0,1,1,1,1,1,1,1,1,1,1,1,1,1,1,1,1,0,1,0,1,1,0,1,0,0,0,1,1,1,1,1,1,1,1,1,0,1,1,1,1,1,1,1,1,1,1,1,1,1,1,1,1,1,1,1,1,1,
1,0,1,1,1,1,1,0,1,1,1,1,1,1,1,1,1,1,1,0,1,1,1,0,1,0,0,1,0,0,0,1,1,1,0,1,1,1,1,2,2,1,2,1,0,2,1,1,2,1,1,1,2,1,2,2,0,0,2,1,2,1,1,2,1,1,2,2,1,0,1,1,0,0,1,1,1,1,0,1,1,1,1,0,1,1,1,0,1,0,1,1,1,1,1,1,1,1,1,1,1,0,1,1,0,1,1,0,1,1,0,1,1,1,1,1,0,0,1,1,1,1,1,1,1,1,1,1,0,1,1,1,1,1,0,1,1,1,1,0,1,1,1,1,1,0,1,1,1,0,1,1,1,1,1,1,1,1,1,1,
1,1,1,1,1,1,1,0,1,1,0,1,0,0,1,1,0,1,1,0,1,1,1,1,0,1,1,1,1,1,0,1,1,1,1,1,1,1,2,2,1,2,1,1,2,1,2,2,0,1,2,2,1,2,1,2,2,1,2,1,1,1,1,0,1,0,2,2,0,1,2,2,1,2,2,1,1,0,1,2,2,1,0,2,2,1,2,1,1,1,1,0,0,1,1,0,1,1,1,1,1,1,1,1,1,1,1,1,1,1,1,1,1,1,1,1,0,1,1,1,1,1,0,1,1,1,1,1,1,1,1,1,1,0,1,1,1,1,1,1,1,1,0,1,1,0,1,0,0,1,1,1,0,1,1,0,1,1,1,1,
1,1,1,1,1,1,1,0,0,1,0,1,1,1,1,1,1,1,1,1,1,1,1,1,1,0,0,1,0,1,1,1,1,1,1,1,0,1,2,1,2,2,2,2,1,1,2,2,1,0,2,0,1,2,2,2,1,1,1,2,2,2,2,1,1,1,2,2,2,0,2,0,0,2,1,2,1,2,0,0,1,1,0,2,1,2,2,1,1,1,1,0,0,1,1,1,1,1,0,1,1,1,1,1,1,1,1,1,1,1,1,1,1,1,0,1,1,2,1,2,0,2,1,1,1,1,2,2,2,0,1,2,2,2,1,2,2,0,2,0,2,0,1,1,1,2,2,1,1,1,1,1,1,1,1,1,1,1,1,0,
0,1,1,1,1,1,1,1,1,1,1,0,1,1,1,1,1,1,1,1,1,1,1,1,1,0,1,0,1,1,1,1,1,1,1,1,1,1,1,1,1,2,2,1,0,0,1,1,0,0,1,1,1,1,0,1,1,1,2,2,2,2,2,2,1,2,1,2,2,1,2,1,1,1,0,1,2,2,1,2,1,2,1,1,1,1,2,1,1,0,1,0,1,1,1,1,1,1,1,1,1,1,1,1,1,1,1,1,1,1,0,1,1,1,1,1,1,1,1,2,0,1,2,1,1,0,2,2,1,1,2,2,1,1,2,2,0,1,0,1,2,0,2,1,1,1,2,1,0,1,1,1,1,1,1,1,0,1,1,0,
0,1,1,0,1,1,1,1,1,0,1,0,1,1,1,1,0,1,1,1,1,0,0,1,1,1,1,1,0,1,1,1,1,0,0,0,1,1,0,2,2,2,1,1,2,1,2,1,1,1,0,0,1,1,1,1,2,0,2,0,1,1,1,1,1,0,2,1,1,2,2,1,1,1,2,1,1,2,2,1,1,2,2,2,2,0,1,0,1,1,1,1,1,1,1,1,1,1,1,1,1,1,1,1,0,1,1,1,1,1,1,1,1,1,1,1,1,2,2,1,2,1,2,1,1,2,2,2,2,2,2,0,0,0,2,2,2,2,2,2,2,1,0,2,0,2,1,1,0,0,1,1,1,0,1,1,0,1,1,0,
1,1,1,1,1,1,0,1,1,1,1,1,0,1,1,0,1,0,1,1,0,1,1,1,1,1,1,0,0,0,1,1,1,1,1,1,1,1,2,1,0,2,0,2,0,2,1,0,1,1,2,1,1,1,2,2,1,0,1,2,1,2,1,1,1,1,1,1,1,2,1,1,1,2,1,2,1,1,2,1,0,1,2,0,0,0,2,1,1,1,1,0,1,1,1,1,1,1,1,1,1,1,1,1,1,1,1,1,1,1,1,1,1,1,0,1,1,2,2,2,2,2,2,2,2,1,2,1,0,2,2,2,2,2,2,1,1,2,0,1,2,2,0,1,1,1,2,1,1,1,1,1,1,1,1,1,1,1,1,1,
1,1,1,0,1,0,1,1,1,1,0,1,1,1,1,1,1,1,1,1,0,1,1,1,1,1,1,1,0,1,1,1,1,1,1,0,1,1,2,2,2,1,1,2,1,2,0,2,0,2,2,1,1,2,1,1,2,2,1,2,2,2,0,0,2,2,1,1,1,1,2,0,2,0,1,2,1,1,0,2,0,1,2,2,2,1,2,1,1,1,1,1,1,0,0,1,1,1,1,1,1,0,1,1,1,1,0,1,1,1,1,1,1,0,1,1,1,1,1,2,0,1,2,2,1,1,2,2,2,2,1,1,1,1,2,1,1,0,1,2,0,0,0,1,1,0,2,0,1,1,1,1,1,1,1,1,1,1,1,1,
0,1,1,1,1,1,0,1,0,1,1,1,1,1,1,1,1,1,1,1,1,1,1,1,1,0,1,1,1,1,0,1,1,1,0,1,1,1,1,2,2,1,1,0,2,1,2,1,2,0,0,2,2,0,1,0,2,2,0,2,2,2,0,1,2,1,1,2,1,1,1,1,2,1,2,0,1,2,0,1,0,1,1,2,0,0,1,0,1,1,1,0,1,1,1,0,1,1,1,1,1,1,1,1,1,1,1,1,1,1,0,0,1,1,1,1,0,2,2,1,2,0,1,1,1,0,2,0,0,0,1,2,2,2,1,1,1,2,2,1,2,2,2,1,1,2,1,0,1,1,1,1,1,1,1,1,1,1,1,1,
1,1,1,0,0,1,1,0,0,1,0,1,0,1,1,1,1,1,1,1,1,1,1,1,1,1,1,1,1,1,1,1,1,1,1,1,1,0,1,1,2,2,1,2,2,2,2,1,0,1,2,1,2,1,1,1,0,1,2,0,0,2,2,2,1,1,0,1,1,2,1,1,0,2,2,0,1,0,0,1,2,0,1,2,1,1,1,1,1,1,1,1,1,0,1,1,1,1,1,1,1,1,1,1,1,1,1,0,1,1,0,1,0,1,0,1,1,0,2,1,1,1,0,1,1,0,0,1,0,1,1,0,0,2,1,2,2,1,1,2,2,1,1,0,2,2,2,1,0,0,0,1,1,1,0,1,1,1,1,1,
1,1,1,1,1,1,1,1,1,0,1,1,0,0,1,1,1,1,1,0,1,1,1,1,1,1,1,1,1,1,1,1,1,1,1,1,0,1,2,1,0,2,1,1,0,1,1,0,1,2,1,2,2,2,1,0,2,1,0,0,1,1,2,2,0,2,2,1,2,1,2,1,2,2,1,2,2,1,2,0,2,2,1,2,2,1,2,1,1,0,1,0,1,0,1,1,1,0,1,1,1,1,1,0,1,1,1,1,1,1,1,0,1,1,1,0,1,2,2,2,1,2,1,1,1,1,2,2,2,2,0,1,2,1,1,1,2,1,2,2,0,2,1,1,2,2,1,1,1,1,1,0,1,1,1,1,0,1,1,1,
1,1,1,1,0,1,0,1,1,1,1,1,1,0,1,1,1,1,1,1,1,0,1,0,1,1,1,1,1,1,1,1,1,1,1,1,1,1,2,2,1,2,1,0,2,1,1,1,1,2,1,0,1,1,1,0,1,2,1,2,0,1,1,0,2,1,0,1,0,1,0,0,1,2,0,1,1,2,2,2,2,1,1,1,1,1,2,1,1,1,1,1,1,1,1,1,1,1,1,1,0,1,0,1,1,1,0,1,1,1,1,1,1,1,1,0,0,2,2,1,2,0,1,1,0,2,0,0,1,0,1,1,1,1,0,0,1,2,0,0,1,2,2,1,2,2,1,1,1,1,1,1,1,0,1,0,1,1,1,1,
1,1,1,1,1,0,1,1,1,1,1,1,1,1,1,1,1,1,1,0,1,1,1,1,1,0,0,1,1,1,0,1,1,1,1,1,1,1,1,1,2,2,0,1,1,0,1,1,2,1,0,2,1,1,0,2,0,0,0,2,2,2,2,2,2,0,1,2,2,0,1,2,0,2,2,2,1,1,0,2,1,2,0,1,1,2,0,1,1,1,1,0,1,1,0,1,1,1,1,1,1,1,1,1,1,1,1,1,1,0,1,1,1,1,1,1,0,2,2,2,2,2,2,2,1,2,2,2,2,2,0,2,2,0,0,2,0,2,2,0,2,2,2,1,1,1,2,1,1,1,1,1,1,1,0,1,1,1,1,1,
1,1,1,1,1,0,1,1,1,1,1,1,1,1,1,1,0,0,0,1,1,1,1,1,0,1,1,1,1,1,0,1,0,1,1,1,0,0,1,2,2,1,1,0,1,1,1,1,2,2,1,0,0,2,0,1,0,2,2,1,2,1,1,2,1,1,1,0,1,0,1,1,2,1,2,1,2,0,2,2,0,1,0,1,2,0,2,0,1,1,1,1,0,1,0,1,0,1,1,1,1,1,1,1,1,0,0,1,1,1,0,1,1,0,1,1,1,1,2,1,1,2,1,2,0,2,0,2,1,1,2,0,0,0,2,1,0,1,0,2,1,0,1,0,1,1,2,1,1,0,1,1,1,1,1,1,1,1,1,1,
1,1,1,0,1,0,1,1,1,1,1,1,0,0,1,1,1,1,1,0,1,1,1,1,1,1,1,1,1,1,1,1,1,1,1,0,1,1,1,1,0,2,1,1,1,1,2,2,0,2,2,0,1,2,2,0,1,1,2,1,2,1,1,1,1,2,1,2,2,2,1,2,1,0,2,0,2,2,2,0,2,2,0,2,1,1,0,1,1,1,1,0,1,1,1,1,1,0,1,1,1,1,1,1,1,0,1,1,1,0,1,0,1,1,1,1,1,2,1,2,1,2,1,2,1,2,2,0,2,2,1,1,1,1,1,0,2,1,0,2,2,1,1,2,2,1,0,1,1,1,0,1,1,1,0,0,1,1,1,1,
1,1,1,1,1,1,1,0,1,1,1,1,1,1,1,1,1,1,1,0,1,1,1,1,1,1,1,1,1,1,1,1,1,1,1,1,1,1,1,1,2,2,1,0,2,2,2,1,1,1,0,1,1,2,1,1,1,0,1,2,1,2,0,1,2,2,1,0,2,2,2,1,0,2,2,2,1,2,2,2,0,0,2,2,0,2,1,1,0,0,1,1,1,0,1,1,1,1,1,1,1,1,1,1,1,1,1,1,1,0,1,1,1,1,1,1,1,1,2,1,1,2,2,1,1,1,1,0,0,2,2,1,0,1,2,2,1,2,0,1,1,1,0,1,1,1,0,1,0,1,1,1,1,1,0,1,0,1,1,1,
1,0,1,1,1,1,1,1,0,1,0,1,1,1,0,1,1,1,0,1,1,1,0,1,1,0,0,1,1,1,1,1,1,1,1,1,0,1,2,2,2,1,2,2,0,1,1,2,2,0,1,2,0,0,2,2,1,2,2,0,1,1,1,2,1,1,1,2,1,2,2,2,1,2,1,2,1,0,2,0,1,0,1,2,2,1,1,1,1,1,1,1,1,0,1,1,1,1,1,1,1,1,1,1,0,1,0,1,0,1,1,1,1,1,0,1,0,1,2,1,0,1,2,1,2,2,0,1,1,2,2,2,1,2,1,1,2,2,2,1,0,0,2,0,1,2,2,0,1,1,1,1,1,1,1,0,1,0,1,1,
1,1,0,0,0,1,1,0,1,1,1,1,1,1,1,1,1,1,1,0,1,1,1,1,1,1,1,0,1,0,1,1,1,1,1,1,1,1,2,2,2,2,1,1,1,1,2,2,2,1,0,2,1,2,1,1,1,2,0,0,2,2,1,2,2,2,2,2,2,1,2,1,1,2,0,2,2,2,2,2,2,2,2,1,2,1,2,1,0,0,1,1,0,1,0,1,1,0,0,1,1,1,1,1,0,1,1,1,1,0,1,1,1,1,0,1,1,1,0,0,2,2,1,2,1,1,1,1,2,2,0,1,2,0,2,1,0,1,1,2,1,2,2,0,1,2,0,1,1,1,0,1,0,1,1,1,1,1,1,1,
1,1,1,0,1,0,0,1,1,1,1,1,1,1,1,1,1,1,1,1,1,0,1,1,1,1,1,1,0,1,1,1,1,1,1,1,0,1,1,2,2,0,1,0,0,2,1,0,0,0,0,0,2,1,1,2,1,1,2,1,1,1,2,1,1,1,1,2,1,2,0,1,2,2,2,2,2,2,2,1,2,0,1,1,2,2,1,1,1,1,1,1,1,1,0,0,1,1,1,1,1,0,1,1,1,1,1,1,0,1,1,1,1,1,0,1,0,1,1,0,2,2,0,1,2,2,2,2,2,0,1,2,1,1,1,2,1,0,2,2,0,1,0,1,2,1,1,1,1,1,1,1,1,1,1,1,1,0,1,1,
1,1,0,1,1,1,1,1,1,1,1,1,1,1,0,1,1,1,1,1,0,1,1,1,1,1,1,1,1,0,1,1,1,1,1,1,1,1,1,2,1,0,1,1,1,2,2,1,1,0,0,2,2,1,1,0,1,1,2,1,2,2,2,0,2,2,1,2,2,2,2,1,1,1,2,2,0,2,2,1,2,0,2,2,1,1,0,1,1,1,0,1,1,0,1,1,0,1,1,1,1,1,0,1,1,1,1,1,1,1,1,1,1,1,1,1,0,1,2,0,1,2,0,0,2,1,1,1,2,1,2,1,0,2,2,2,1,2,1,1,1,2,2,2,1,2,2,1,1,0,1,1,1,1,1,1,1,1,1,1,
1,1,1,1,1,1,1,1,1,1,1,1,1,1,1,1,1,1,0,1,1,1,1,1,1,1,1,1,1,0,1,1,1,1,0,1,0,1,2,1,0,0,1,1,0,1,1,0,0,2,1,1,1,1,0,1,1,1,2,2,0,1,2,1,2,1,0,0,2,1,2,0,2,2,2,2,2,1,0,1,1,1,1,2,2,2,2,1,0,1,1,1,1,1,1,1,1,1,1,1,0,0,1,1,0,1,1,1,1,1,1,1,0,1,1,1,0,2,1,1,1,0,0,2,2,1,2,1,0,0,0,2,2,0,2,0,2,1,2,2,1,2,1,2,1,0,1,1,1,1,1,1,1,0,0,1,0,1,0,1,
1,1,1,1,1,1,1,1,0,1,1,0,1,1,1,0,0,1,1,1,1,1,1,1,1,1,1,1,1,1,0,1,0,1,0,1,0,1,0,1,1,0,2,2,1,1,2,2,1,2,1,2,1,1,2,1,0,1,1,2,2,2,1,2,1,2,1,0,1,2,1,1,0,2,2,2,1,1,1,0,1,0,2,1,1,2,0,1,1,1,0,1,1,1,0,1,1,1,1,1,1,0,1,1,1,1,0,1,1,1,1,1,1,0,1,1,1,1,0,1,1,2,1,1,2,0,1,2,1,0,1,2,1,1,2,0,0,2,0,2,2,2,0,1,1,1,1,1,1,1,0,0,0,0,1,1,1,1,1,1,
1,1,1,1,1,1,1,1,1,1,1,0,1,1,1,0,1,1,1,1,1,0,1,1,1,1,1,1,1,1,1,0,1,0,1,1,1,1,2,2,2,2,2,1,2,2,2,2,1,1,1,1,2,1,2,0,0,1,2,1,1,0,1,1,1,0,1,1,2,2,0,1,2,0,1,1,1,1,2,2,1,2,2,1,1,1,0,1,1,1,1,1,1,1,1,1,1,1,1,1,1,0,0,0,1,1,1,1,1,1,1,0,1,0,1,1,1,0,1,1,2,0,2,0,2,0,0,1,2,1,0,1,1,1,2,1,1,2,2,2,1,2,0,2,2,1,1,1,0,1,1,1,1,1,1,1,1,1,0,1,
1,1,1,1,0,1,1,1,1,1,1,1,1,0,1,1,1,1,1,1,0,1,1,1,1,1,1,1,0,1,1,1,1,1,0,1,1,1,0,1,0,2,1,1,1,2,1,0,1,1,2,2,2,2,2,1,1,1,2,1,2,2,2,1,1,0,1,0,1,1,2,1,1,1,1,2,2,2,0,0,2,1,1,0,2,0,1,1,1,1,1,1,1,0,1,1,1,1,1,1,1,0,1,1,1,1,1,1,1,1,1,1,1,1,1,1,0,2,2,0,1,1,1,2,2,1,1,2,0,1,2,2,2,1,2,2,2,2,2,2,2,1,1,1,1,1,0,1,1,1,1,1,1,0,0,1,1,1,1,0,
1,1,1,1,0,1,1,1,1,1,1,1,0,1,0,0,1,1,1,1,1,1,1,1,0,1,1,1,1,0,0,0,1,1,0,0,1,0,0,1,2,2,2,2,2,2,1,1,2,2,2,2,0,2,1,2,1,2,2,1,1,0,1,1,1,1,2,2,2,2,1,0,1,2,1,1,1,1,1,1,1,1,1,1,0,1,0,1,1,0,1,1,0,1,1,0,0,1,1,1,1,1,1,1,1,1,1,0,1,0,1,1,1,1,1,0,0,0,2,2,2,1,2,2,1,0,2,1,0,2,1,0,2,2,1,1,2,2,1,1,2,2,1,1,1,2,1,1,0,1,0,1,1,1,1,0,1,1,1,1,
1,1,1,1,1,1,1,1,1,0,1,1,1,1,1,1,1,0,1,1,1,1,0,1,0,1,1,1,1,1,1,1,1,0,1,0,1,1,1,2,2,1,2,1,0,0,1,1,2,1,0,2,1,0,0,1,2,2,0,1,2,1,0,1,2,0,0,2,1,2,1,1,1,1,2,1,1,0,2,2,2,1,1,2,1,1,1,1,1,1,1,1,1,1,0,1,1,1,1,1,1,1,1,1,1,1,1,0,0,1,1,1,1,1,0,0,1,2,0,2,2,1,1,2,2,1,1,1,1,2,2,2,0,1,1,1,2,0,1,2,1,2,2,2,2,1,0,1,1,1,1,0,1,1,1,1,0,0,1,0,
1,1,1,0,1,1,1,1,1,1,1,1,0,1,0,1,1,1,0,1,0,0,1,1,1,1,1,1,1,1,1,1,1,1,1,1,1,1,0,0,1,1,1,2,1,2,1,1,1,1,1,0,1,1,2,2,0,0,2,2,2,2,0,1,1,0,2,2,0,2,1,1,1,1,0,2,2,2,0,1,0,0,2,2,2,2,0,1,0,1,0,1,1,1,1,1,1,0,1,1,1,1,1,1,1,1,1,1,1,1,0,1,1,1,0,1,1,1,2,1,2,2,1,2,2,1,1,2,0,0,1,2,2,0,1,1,0,2,2,2,1,0,2,1,0,1,1,1,1,1,1,1,1,1,1,1,1,1,0,1,
1,1,1,1,1,1,1,1,1,1,1,0,1,1,1,1,0,1,1,1,1,1,0,0,1,1,1,1,0,0,0,1,1,1,1,1,1,1,1,1,1,1,1,1,1,1,1,1,1,0,1,1,1,1,1,1,1,1,1,0,1,2,1,0,1,1,1,0,1,1,2,0,0,1,1,2,2,1,1,1,1,1,0,0,2,0,0,1,1,1,1,1,1,0,0,1,1,1,1,1,1,1,1,1,1,0,1,1,1,1,1,1,1,1,1,1,0,2,2,1,1,2,1,2,2,1,1,0,1,1,2,2,2,1,0,2,2,2,1,0,1,1,2,0,1,1,2,0,1,1,0,1,1,1,1,1,1,1,1,1,
1,1,1,1,1,1,1,1,0,1,1,1,1,1,1,1,1,1,1,1,0,1,1,1,1,1,1,1,1,1,1,0,1,1,1,1,0,1,1,0,1,0,1,1,0,0,1,1,0,1,1,1,1,1,1,0,1,0,2,1,2,1,2,1,1,2,1,2,1,1,2,2,2,0,0,2,1,0,0,1,2,1,1,2,0,1,2,1,1,1,1,1,1,0,1,1,0,1,1,1,1,1,1,0,1,1,1,1,1,1,0,0,1,1,1,0,1,1,0,1,1,2,1,2,2,0,1,1,1,2,2,2,2,1,1,1,2,2,2,1,2,1,0,1,1,2,1,1,1,1,1,1,0,1,1,1,1,1,1,1,
1,1,1,1,1,1,1,1,1,0,1,0,1,1,1,1,1,1,1,1,1,1,0,1,1,1,1,1,1,1,0,1,1,1,1,1,1,1,1,1,0,1,0,1,0,1,1,1,0,1,1,1,1,1,0,1,1,2,2,2,1,1,2,2,2,1,2,0,1,0,1,1,0,1,1,2,2,2,2,2,1,1,0,0,2,2,1,1,1,1,0,1,0,1,1,1,1,1,1,1,0,1,1,1,1,0,1,1,1,0,1,1,1,1,1,1,1,1,1,2,1,1,1,2,1,2,2,1,1,0,1,1,1,2,1,0,2,1,2,1,1,0,2,1,0,0,2,1,1,1,1,1,1,0,1,1,1,1,1,1,
1,1,0,0,0,0,0,1,1,1,1,1,1,1,1,0,1,0,0,0,1,0,1,0,0,1,1,1,1,1,1,1,1,1,1,1,1,1,0,1,1,1,0,0,1,1,0,1,0,1,0,1,1,1,1,1,0,0,2,0,2,1,2,1,2,2,1,0,2,0,0,1,1,2,2,2,0,2,2,1,2,1,1,0,2,2,1,0,1,1,1,1,1,1,0,1,1,1,1,1,1,1,1,1,1,1,1,1,0,1,0,1,1,1,1,1,1,1,2,2,1,1,2,1,1,2,1,0,1,1,0,0,2,0,1,1,2,1,2,0,1,2,2,1,1,0,2,0,1,1,1,0,1,1,1,1,1,1,1,1,
1,1,1,1,1,1,1,1,1,1,1,1,1,1,1,1,1,1,1,1,1,0,1,1,1,1,0,1,1,1,0,1,1,1,0,1,1,0,1,1,0,1,1,1,1,1,1,1,0,1,1,1,0,1,1,1,1,1,1,2,1,2,1,1,0,0,1,0,1,0,0,0,2,1,2,2,0,0,2,1,1,0,1,1,1,1,0,1,1,1,1,1,1,1,1,1,1,1,1,0,1,1,1,1,0,1,0,1,1,1,1,1,1,1,0,1,1,2,1,1,1,2,1,1,2,1,0,1,0,2,1,2,2,2,2,0,1,2,1,2,2,1,1,0,2,1,2,1,1,1,1,0,1,0,1,1,0,1,1,1,
1,1,1,0,1,1,1,0,1,1,1,0,1,1,1,1,1,1,1,1,0,1,0,1,1,1,1,0,1,1,1,1,1,1,0,1,1,1,1,1,1,1,1,1,1,1,1,1,1,1,1,1,1,1,1,1,1,0,1,1,1,1,0,1,1,1,1,1,1,1,1,1,1,1,1,1,0,1,1,1,1,1,1,1,0,1,1,1,1,1,1,1,0,1,1,1,1,1,0,0,0,1,1,1,0,1,0,1,1,1,1,1,1,1,0,1,1,2,2,1,0,2,1,1,2,0,0,1,0,1,2,2,1,1,2,1,1,2,0,2,2,2,2,2,2,2,2,1,1,1,1,1,1,0,1,1,1,1,1,1,
1,1,1,1,0,1,1,1,0,0,1,1,1,0,1,1,1,0,1,1,0,1,1,1,1,0,1,0,1,1,1,0,1,1,1,1,1,1,1,1,1,1,1,1,1,1,1,1,0,1,1,0,1,1,1,0,1,1,1,1,1,1,0,1,1,1,0,0,1,1,1,1,1,1,1,1,1,1,1,1,1,1,0,1,1,1,0,1,1,1,0,1,1,0,1,1,0,0,1,1,0,1,1,0,0,0,1,1,1,1,1,0,1,1,1,1,1,1,1,1,0,1,0,1,1,1,1,1,0,0,1,1,1,1,1,0,1,1,0,0,1,1,0,1,1,1,1,1,0,0,1,1,1,1,1,1,1,1,1,1,
1,0,1,1,1,1,0,0,1,1,0,0,1,0,0,1,0,1,1,1,1,1,1,1,1,1,0,1,1,1,0,1,1,0,1,1,1,0,1,0,1,1,1,1,1,1,1,1,0,1,1,1,1,1,1,1,1,1,1,1,1,1,1,1,0,1,1,0,1,1,1,1,1,1,1,0,0,1,1,1,1,1,0,1,1,0,1,1,0,1,1,1,1,0,0,2,2,2,2,2,2,2,1,0,2,0,2,2,2,2,2,1,1,2,1,0,1,0,2,2,1,1,1,1,1,1,0,0,1,1,1,1,1,1,1,0,0,1,1,1,1,0,1,0,1,1,1,1,1,1,0,1,1,1,1,1,1,0,0,0,
0,1,1,1,0,0,1,1,1,1,1,1,1,1,1,1,1,1,1,1,1,1,0,1,1,1,0,1,1,1,1,1,0,1,1,1,1,1,1,1,1,1,1,1,0,0,1,1,1,0,1,1,1,1,0,0,1,1,1,1,1,1,0,1,1,1,1,1,1,1,1,1,1,1,1,1,0,1,0,1,1,1,1,0,1,1,0,1,1,1,0,0,1,0,2,0,2,2,2,2,0,2,2,0,0,2,1,2,0,2,0,2,0,2,2,1,2,2,0,2,2,1,1,1,1,1,1,1,1,1,1,1,1,1,1,1,0,1,1,1,1,1,1,1,1,1,0,1,1,1,1,0,0,1,1,1,1,1,1,1,
0,1,1,1,1,0,1,1,1,1,1,1,1,0,1,1,1,1,1,1,0,0,1,1,1,1,1,1,0,1,1,1,1,1,0,1,1,1,1,0,1,1,1,1,1,1,1,1,1,1,0,1,1,0,1,1,1,0,0,1,1,0,1,1,1,1,1,1,1,1,1,1,1,1,1,1,1,1,1,0,1,0,1,1,1,1,1,1,0,1,1,0,1,0,1,2,1,2,1,2,1,1,1,1,0,1,0,0,1,1,2,2,1,1,2,0,1,2,0,1,1,1,1,0,1,1,0,1,0,1,1,1,1,1,1,1,1,1,1,1,0,0,1,1,1,1,1,1,1,1,0,0,1,0,0,1,1,1,1,1,
0,1,1,0,0,0,1,0,1,1,1,1,1,1,1,1,1,1,1,1,0,1,1,1,1,1,1,1,1,0,1,0,1,1,1,1,1,1,1,1,1,1,1,1,1,1,1,1,1,1,1,1,1,1,1,1,1,0,1,1,0,1,1,1,0,1,1,1,1,1,1,1,1,1,1,1,1,1,1,1,1,1,1,0,1,1,0,1,0,1,1,0,1,2,2,0,2,2,0,2,0,2,1,0,2,2,1,2,0,2,2,2,1,1,1,1,1,1,2,2,1,1,1,1,1,0,1,1,1,1,1,1,1,1,1,0,1,1,1,1,1,1,1,1,1,1,1,1,0,1,1,0,1,1,0,0,1,0,1,1,
1,1,1,1,1,0,1,0,1,1,1,0,1,1,0,1,1,1,1,1,1,1,1,1,1,0,0,1,1,1,1,0,1,0,1,1,0,1,0,1,0,1,0,0,1,1,0,1,1,0,1,1,1,0,1,1,1,0,1,0,1,1,1,1,0,1,1,1,0,1,1,1,1,1,1,1,1,1,0,1,1,1,1,1,0,1,1,1,0,1,0,2,2,1,0,1,0,1,0,2,0,0,0,2,2,2,0,2,2,1,1,1,2,1,0,2,2,2,2,2,1,1,0,1,1,0,1,1,0,0,1,1,1,1,1,1,1,1,0,1,1,1,1,1,1,1,1,0,1,1,0,0,1,1,1,1,1,1,1,1,
0,1,1,1,0,1,1,1,0,1,1,1,1,1,1,0,1,1,1,1,1,0,0,0,0,1,0,1,1,1,1,1,0,1,1,1,1,1,1,1,0,1,1,1,1,1,1,1,1,1,1,1,1,1,1,1,1,1,0,1,0,1,1,1,1,1,1,1,1,1,1,0,1,1,1,1,0,0,1,0,1,1,1,1,1,1,1,1,0,1,1,2,2,1,1,2,1,2,2,1,2,0,1,1,1,0,2,2,2,1,2,2,2,2,1,2,1,1,1,2,2,1,1,1,1,1,1,1,1,0,1,1,1,0,1,0,1,1,1,1,1,1,0,0,1,1,1,1,1,1,1,1,1,1,0,1,1,0,1,1,
1,1,1,1,0,1,1,1,1,1,1,1,1,0,1,1,1,1,0,1,0,0,1,1,0,1,1,1,1,1,1,1,1,1,1,1,1,1,1,1,1,1,1,1,1,1,0,1,1,1,0,1,1,1,0,1,1,1,1,0,1,1,1,1,1,1,0,1,0,0,1,1,1,1,1,1,1,1,1,1,1,0,1,1,1,1,0,1,0,1,1,0,1,2,1,0,2,2,1,2,2,1,0,1,1,1,1,1,0,2,2,0,0,2,2,2,1,1,1,1,2,1,1,1,1,1,1,1,1,1,1,1,1,0,1,1,1,1,1,1,1,0,1,1,0,0,1,1,1,1,1,1,1,1,0,1,1,1,1,1,
0,1,1,1,1,0,0,1,1,0,1,1,1,1,1,1,1,1,1,0,1,1,1,1,0,0,0,1,1,0,1,1,0,0,1,1,0,1,1,1,0,1,1,1,1,1,1,1,0,1,1,1,0,1,1,1,1,0,1,0,1,1,0,1,1,1,1,1,0,0,1,1,1,1,0,1,1,0,0,1,1,1,1,0,1,1,1,1,1,1,0,1,2,1,2,1,2,1,1,1,2,1,1,2,0,1,2,1,1,0,2,2,2,0,2,1,0,2,2,1,2,1,1,1,0,1,1,0,0,1,1,1,1,1,1,1,1,0,1,1,0,1,1,1,0,1,1,1,1,1,1,1,1,1,1,1,1,0,1,1,
1,1,1,0,1,1,1,1,1,0,1,0,0,1,1,1,1,1,0,1,0,0,1,0,1,0,1,1,0,1,1,1,1,1,1,1,1,0,0,1,1,1,1,1,1,1,1,1,1,1,1,1,1,1,1,1,0,1,0,1,1,1,1,1,0,0,1,1,1,1,1,1,1,1,1,1,0,1,1,1,0,1,0,1,0,0,1,0,1,1,1,1,1,1,1,1,1,2,2,0,2,2,2,1,1,2,2,2,2,2,2,2,1,2,2,2,1,2,1,0,2,1,1,1,1,1,1,1,0,1,1,1,1,1,1,0,0,1,1,1,1,1,1,1,1,1,1,1,1,1,1,1,1,1,1,1,1,1,1,1,
0,1,0,1,1,1,1,0,1,0,1,1,1,1,1,1,0,1,1,1,1,1,1,1,1,1,1,0,0,0,1,1,1,1,1,1,1,1,1,1,1,1,1,0,0,1,1,0,0,1,1,1,1,0,1,1,0,1,1,1,0,1,0,1,1,1,1,1,1,0,1,1,1,1,1,1,1,1,0,1,1,1,1,1,1,1,1,0,1,1,1,2,2,2,0,2,2,2,1,1,1,1,2,1,0,1,1,1,2,2,1,2,1,1,2,2,0,2,0,2,1,1,0,2,2,1,0,1,0,2,1,2,1,2,2,1,1,1,0,0,1,1,0,1,1,1,1,1,0,1,1,0,1,1,1,0,1,1,1,1,
0,1,1,1,1,1,1,1,1,1,0,1,1,0,1,1,0,1,0,1,1,1,1,1,1,1,1,1,1,1,1,0,1,1,1,1,1,0,0,1,0,1,0,1,0,1,1,1,1,1,1,1,1,1,0,1,1,0,1,1,0,1,1,1,1,1,1,0,1,1,1,1,1,1,1,1,1,1,0,1,1,1,1,1,1,1,1,0,1,1,1,2,1,1,1,2,1,2,2,2,2,2,0,1,1,2,2,2,2,0,1,1,2,1,1,2,1,2,1,1,2,2,2,2,1,1,2,0,1,2,2,1,0,2,1,0,1,1,1,0,1,1,0,1,1,1,0,1,0,0,1,1,0,1,1,1,0,1,1,1,
1,1,1,1,0,1,0,1,1,1,1,1,1,1,1,0,1,1,1,1,1,1,1,0,1,1,1,1,1,1,1,1,1,1,1,1,1,1,1,1,1,1,1,0,0,1,1,1,1,1,1,1,1,1,1,1,0,1,1,1,0,1,0,1,1,1,1,0,1,1,1,1,1,0,0,1,1,1,1,0,1,0,1,0,1,1,1,1,0,1,1,0,2,1,1,2,2,2,2,1,0,1,1,2,1,1,0,2,1,0,1,1,1,1,2,2,1,1,2,0,2,2,1,2,1,2,2,2,1,2,2,1,0,2,2,1,1,1,1,1,1,1,1,0,1,1,0,1,1,1,1,0,0,1,1,1,1,1,1,1,
0,0,1,1,1,1,1,1,0,1,1,1,0,1,1,1,1,1,1,1,1,1,0,1,0,1,1,1,0,1,1,1,1,0,1,1,1,0,1,0,0,0,1,1,0,1,1,1,1,1,1,1,0,1,1,1,1,1,1,1,0,1,1,1,1,0,1,0,1,1,1,1,1,1,1,1,1,1,1,0,1,1,1,1,1,1,1,1,1,1,1,2,1,0,1,2,1,1,1,2,2,1,1,1,2,1,1,2,2,2,1,2,2,2,1,2,2,2,2,2,2,0,2,2,1,2,0,1,0,2,0,2,2,1,2,1,1,1,1,1,0,1,1,0,0,1,1,1,0,1,1,0,0,1,1,1,1,0,1,1,
0,1,1,0,0,1,1,1,1,1,1,1,1,1,1,1,0,0,1,1,1,1,1,1,1,0,1,1,1,1,1,1,0,1,1,0,1,0,1,1,0,1,1,1,1,0,1,1,1,1,1,1,1,1,1,0,1,1,1,1,1,1,1,1,1,0,0,1,1,1,1,1,1,1,1,1,0,1,0,1,1,1,1,1,1,0,0,1,1,1,1,1,2,2,2,0,2,2,1,2,1,0,2,1,1,1,2,1,2,1,1,2,2,1,1,1,1,1,2,2,2,1,2,1,1,1,0,2,2,1,2,1,2,2,1,1,0,1,1,1,1,0,1,1,1,0,1,0,1,1,0,0,1,0,1,1,1,1,1,1,
1,1,1,1,1,1,1,0,0,1,1,1,0,1,1,1,0,1,1,1,1,1,0,1,1,1,1,1,1,1,1,1,1,1,1,1,1,1,0,1,1,1,1,1,0,1,1,0,1,1,0,1,1,1,1,1,1,1,0,1,1,1,0,1,1,1,1,1,1,1,1,0,1,1,1,0,1,1,1,1,1,1,1,1,1,1,1,0,1,1,1,0,1,1,2,0,1,2,2,1,2,1,2,1,2,2,2,1,1,1,2,2,0,2,1,1,2,0,1,2,1,1,2,1,2,1,0,1,1,2,2,1,0,2,2,1,1,1,1,1,1,1,0,1,1,0,1,1,1,1,1,1,1,1,0,1,0,1,1,1,
1,1,1,1,1,0,0,1,1,0,1,0,1,1,0,1,1,0,0,0,1,1,0,1,1,0,1,1,0,0,1,1,0,1,1,1,1,1,0,1,1,1,1,1,1,0,1,1,1,1,1,1,1,1,1,1,1,0,1,1,1,1,1,1,1,1,0,1,1,1,0,1,1,1,1,1,0,0,0,1,0,1,0,1,1,0,1,1,1,1,1,2,2,1,1,1,0,2,2,1,2,1,2,1,1,1,2,1,2,0,0,2,2,1,0,2,1,1,1,0,0,1,2,2,2,1,1,2,1,2,2,1,0,2,2,0,1,1,0,1,1,1,1,1,1,1,1,0,0,1,1,0,1,1,1,1,0,1,1,1,
1,1,1,0,1,1,1,1,1,1,1,1,1,0,1,1,1,1,1,1,1,1,0,1,1,1,1,1,1,1,0,1,1,1,1,1,1,1,1,1,1,1,1,1,1,1,1,1,1,1,1,1,0,1,1,1,1,1,0,0,1,1,1,1,1,0,1,1,1,1,1,1,1,1,0,1,1,1,1,0,1,0,1,1,1,1,1,1,1,0,1,2,2,1,1,2,2,1,1,1,1,0,0,2,2,0,1,2,1,1,1,2,1,1,1,0,2,1,0,1,2,2,1,1,1,2,1,1,0,2,2,1,2,1,2,1,1,0,1,1,1,1,1,1,1,1,1,0,1,1,1,1,1,1,1,1,1,1,1,1,
1,1,1,1,0,0,1,0,1,1,1,1,1,1,0,1,1,0,1,0,1,1,1,1,1,0,0,0,1,1,0,1,1,0,1,0,1,1,1,1,0,1,1,0,1,0,0,1,1,1,0,1,0,1,0,1,0,1,1,1,1,1,1,1,1,0,1,1,1,1,1,1,1,1,1,1,1,1,1,1,0,1,1,1,1,1,1,1,1,1,1,1,2,2,2,2,2,1,2,2,1,2,2,1,1,0,2,1,2,1,2,2,2,1,1,2,2,0,0,1,2,1,0,1,2,0,1,1,0,2,1,1,1,0,1,1,1,1,0,1,1,1,1,1,1,1,1,1,1,0,0,0,1,1,1,1,0,1,1,1,
1,0,1,1,1,1,1,1,1,1,1,1,1,0,1,1,1,0,0,1,1,1,1,1,1,0,1,0,1,1,1,1,1,1,1,1,0,1,1,1,1,1,1,1,1,1,1,1,1,1,1,1,1,1,1,1,1,1,1,1,0,1,1,1,0,1,1,0,1,1,1,1,1,1,1,1,0,1,0,1,1,1,1,1,1,1,1,1,1,1,1,2,2,2,1,2,1,2,1,1,1,1,0,2,0,2,1,2,2,2,1,2,2,2,2,1,2,2,2,2,2,1,2,2,2,2,2,1,0,1,2,0,2,1,1,1,1,0,1,1,1,1,0,1,1,1,1,1,1,1,1,1,0,0,1,1,0,0,1,1,
1,1,1,1,1,1,1,0,1,1,1,1,1,1,1,1,1,1,1,1,1,1,1,1,1,1,1,1,1,1,0,1,1,1,0,1,1,1,1,1,1,0,1,0,0,1,1,1,1,1,1,1,0,0,1,1,0,0,0,1,0,1,1,1,0,1,1,1,1,1,1,1,1,1,0,1,1,1,1,1,0,1,1,1,1,1,1,1,1,1,0,2,1,1,0,1,2,0,1,2,1,2,0,2,1,2,0,1,2,2,2,2,1,2,2,0,2,1,1,1,0,1,1,1,2,1,2,2,1,2,2,2,0,2,2,1,1,1,1,1,1,1,1,1,0,1,1,1,1,1,1,1,1,1,1,0,0,1,0,0,
1,1,1,1,1,1,1,0,1,1,0,0,1,1,0,1,1,1,1,1,1,1,1,1,1,1,1,1,0,1,1,1,0,1,1,1,0,1,1,0,0,1,1,1,0,1,1,1,1,1,1,0,1,1,1,1,1,1,0,0,1,1,1,0,0,1,1,0,1,0,1,1,1,1,1,1,1,1,0,1,0,1,1,1,1,1,1,1,0,1,1,1,1,2,1,1,1,1,2,2,2,0,2,1,0,2,1,0,2,0,2,2,1,2,2,2,2,0,2,2,1,2,1,1,1,2,0,2,1,2,2,2,2,0,2,1,1,1,1,1,1,1,0,1,1,1,1,1,0,1,0,1,1,1,1,1,1,0,1,1,
1,1,0,1,1,1,1,0,1,1,0,0,1,1,1,1,1,1,1,0,1,0,0,1,1,1,1,1,0,1,1,0,1,1,0,0,1,0,1,1,1,1,1,1,1,1,1,0,1,1,1,1,1,0,1,1,0,1,1,0,1,1,1,1,1,1,0,1,1,1,1,1,1,1,1,1,1,1,1,1,1,1,1,1,0,1,1,1,1,1,1,1,1,2,1,1,0,2,1,1,1,0,0,0,1,2,1,0,1,1,2,2,1,0,1,1,2,2,1,1,1,1,2,0,1,1,1,0,2,2,1,1,1,2,0,1,1,1,1,1,1,1,1,1,1,1,1,0,1,1,1,1,1,1,0,1,1,1,1,1,
1,1,0,1,1,1,1,1,0,1,0,1,1,0,0,1,0,1,1,1,0,0,0,1,1,1,0,1,1,0,1,0,1,0,1,1,1,1,1,1,1,1,1,1,0,1,0,1,0,1,1,1,1,1,1,1,1,1,0,1,1,1,1,1,1,1,1,0,1,1,1,0,1,1,1,1,1,1,1,0,1,1,1,1,1,1,1,0,1,1,1,1,2,1,1,0,0,1,2,2,1,1,2,0,1,1,2,0,0,1,2,2,2,2,2,2,2,2,2,0,0,2,2,1,1,2,0,1,2,1,1,2,1,1,1,1,1,1,1,0,1,1,1,0,0,1,1,1,0,1,1,1,1,1,1,1,0,1,1,1,
1,1,1,1,1,1,1,1,1,1,1,1,1,0,1,1,1,1,1,1,1,1,1,1,1,0,1,1,1,0,1,1,1,1,0,1,1,1,1,1,1,1,1,0,0,1,1,1,1,1,1,1,1,0,1,0,1,1,0,1,1,1,1,1,0,1,1,1,1,0,1,1,1,1,1,1,1,1,1,1,1,1,0,1,0,1,1,0,1,1,1,2,2,0,2,1,0,2,2,0,2,0,0,0,1,2,2,2,2,0,1,1,0,2,2,1,1,1,1,1,2,1,2,0,2,2,0,1,1,1,1,2,0,1,1,1,1,1,1,1,1,0,1,1,1,1,1,1,1,1,0,1,1,1,1,1,1,1,1,1,
0,1,1,0,1,1,1,0,1,1,1,1,0,1,1,1,1,1,1,1,1,1,0,1,0,1,1,0,1,1,1,0,0,1,1,1,1,0,1,0,1,1,0,0,1,1,1,1,1,1,0,0,1,1,0,1,1,1,1,1,1,0,1,1,1,1,1,0,1,1,0,1,1,1,0,1,1,1,1,0,1,1,1,1,0,0,1,1,1,1,1,2,1,1,1,1,2,2,2,2,1,0,0,2,2,2,1,0,1,1,1,0,2,0,2,1,1,2,1,2,2,1,2,2,2,1,2,1,0,2,1,1,1,1,1,1,1,1,1,1,1,1,0,1,1,1,1,1,1,1,1,1,1,1,1,0,1,1,1,1,
1,0,1,1,1,1,1,1,1,0,1,0,1,1,0,1,1,1,0,1,1,1,1,1,1,1,0,1,1,1,1,1,1,1,0,1,1,1,1,1,1,1,1,1,1,1,1,1,1,1,1,1,1,1,1,1,0,1,1,1,1,0,0,1,0,1,1,1,1,1,1,1,1,1,1,1,1,1,0,1,1,1,1,1,1,1,1,0,1,1,0,1,2,2,0,1,1,0,1,2,2,0,2,2,0,1,0,2,1,2,0,2,2,1,0,2,0,2,2,1,2,0,0,1,1,2,2,0,1,1,0,1,2,2,1,1,1,1,1,1,1,1,1,1,1,0,1,1,1,1,1,1,1,1,1,0,1,1,0,1,
1,1,1,1,1,1,1,1,0,1,1,0,1,1,1,1,1,0,1,1,1,1,1,1,1,0,1,1,0,1,1,1,0,1,1,0,1,0,1,1,1,0,0,1,0,1,1,0,1,0,1,1,1,1,1,1,1,1,1,1,1,1,1,1,1,1,1,1,1,1,1,1,0,1,1,1,1,1,1,1,1,1,1,1,1,1,1,1,1,1,1,2,1,1,1,0,1,1,2,1,2,2,2,1,1,0,0,1,2,1,2,2,1,2,0,1,1,1,1,2,1,1,2,2,1,0,2,1,2,2,2,0,1,1,2,1,1,1,1,0,1,1,0,1,1,1,1,0,1,1,1,1,1,0,1,1,0,1,0,1,
1,1,1,0,0,1,1,0,1,1,1,1,1,0,1,1,1,0,1,0,1,1,1,1,0,1,1,1,1,1,1,0,1,0,0,1,1,1,0,1,1,0,1,0,1,1,1,1,0,1,0,1,1,1,0,1,0,1,0,1,1,1,1,1,1,0,0,0,1,1,0,1,1,0,1,1,1,1,0,1,0,0,1,0,0,1,1,1,1,0,1,0,0,1,1,2,1,2,2,2,1,1,1,2,0,2,1,1,2,2,1,1,1,1,2,1,2,2,1,2,2,2,2,0,1,1,2,2,2,0,2,1,2,2,2,1,1,1,1,1,0,1,0,1,1,1,1,1,1,1,0,0,1,1,1,1,1,1,0,1,
1,1,0,1,1,0,1,1,1,1,1,1,0,1,0,1,1,1,1,1,1,1,1,1,1,1,0,1,1,1,1,1,1,1,1,1,1,0,1,0,1,1,1,1,1,1,1,1,1,0,1,1,0,1,0,1,1,0,0,1,1,1,1,1,1,1,1,1,1,1,1,1,1,1,1,1,1,1,1,1,1,1,1,1,1,0,1,1,1,1,1,1,2,2,0,2,0,2,1,2,2,2,1,1,1,0,1,2,2,2,1,2,2,0,1,2,0,1,1,1,1,2,1,2,0,0,2,1,0,1,0,2,0,1,2,1,1,1,1,1,1,1,1,0,1,1,1,1,1,1,1,1,1,1,1,1,0,1,0,1,
1,1,1,1,1,0,1,1,1,0,1,1,1,1,0,1,1,1,1,1,0,0,1,1,1,1,1,1,1,0,1,0,0,0,1,1,1,0,1,0,1,1,1,1,1,0,1,0,0,1,1,1,1,1,1,1,1,1,1,0,1,1,1,0,1,1,1,1,1,0,1,1,1,1,1,1,1,1,1,0,0,1,0,1,1,0,1,1,0,1,1,2,1,0,0,1,2,1,2,1,2,1,1,1,2,2,0,0,0,0,2,1,1,2,2,2,1,2,0,1,2,1,2,1,0,2,1,0,0,2,1,0,2,1,1,0,1,1,1,1,0,1,1,0,1,1,0,0,2,0,2,1,1,2,1,2,2,1,0,1,
1,1,1,0,1,1,1,1,1,1,1,1,1,1,1,1,1,1,1,1,1,1,1,0,1,1,1,1,1,1,1,1,1,1,0,1,0,0,1,1,0,1,1,1,1,0,0,0,1,1,1,1,1,1,0,1,0,1,1,1,1,1,1,1,0,1,1,1,1,1,1,0,1,1,1,0,1,1,1,1,1,1,1,1,1,1,1,1,0,1,1,1,1,1,1,0,0,1,2,2,1,1,2,1,0,2,2,1,2,0,2,1,1,1,1,2,1,1,1,1,1,2,2,0,2,2,1,2,2,1,1,1,1,1,2,1,1,1,1,1,1,1,1,1,1,1,1,2,2,2,2,0,2,1,2,1,2,1,2,1,
1,1,1,0,0,1,1,1,1,1,1,1,1,1,0,1,1,1,1,1,0,1,1,1,1,1,1,1,0,0,0,1,1,1,1,1,1,1,0,0,0,1,1,1,1,0,1,0,1,0,1,1,1,1,1,1,0,0,1,1,0,1,0,1,1,1,1,1,1,1,1,1,0,1,1,1,1,1,1,1,1,0,1,1,1,1,1,1,1,1,1,1,1,1,2,2,2,2,2,2,2,0,1,1,1,1,1,1,2,1,1,0,1,0,2,2,1,1,2,2,2,2,2,2,1,1,2,1,2,2,1,2,1,2,2,1,1,1,1,1,1,0,1,2,1,1,0,1,1,1,2,2,2,1,2,2,2,1,0,2,
1,0,1,1,1,0,1,1,1,0,1,1,1,1,0,1,1,1,1,1,1,1,1,0,1,1,1,1,0,1,1,1,1,1,1,1,1,0,0,1,1,1,0,1,1,1,1,1,0,1,1,1,1,1,0,0,0,0,1,1,1,1,1,1,1,1,1,1,1,1,1,0,0,1,1,1,1,1,0,1,1,0,1,1,1,1,1,0,1,1,0,1,1,1,0,2,2,2,1,1,2,2,1,0,1,2,0,0,1,2,0,1,0,0,1,1,2,1,1,1,2,2,1,1,1,1,2,0,0,2,2,2,2,1,2,0,1,1,1,1,0,1,0,2,1,1,2,0,1,0,2,2,2,1,2,2,1,2,2,2,
1,0,1,1,0,0,0,1,1,0,1,1,1,1,0,1,1,1,1,0,0,1,1,1,0,0,1,1,1,0,1,0,0,0,1,1,1,1,1,1,1,1,0,1,0,0,1,1,1,1,1,1,1,0,1,1,1,1,0,0,1,0,1,0,1,1,0,0,0,1,1,1,1,1,1,1,1,0,0,1,1,0,1,1,1,0,1,1,1,1,1,0,1,1,2,1,2,1,1,2,2,2,2,0,0,1,1,2,0,1,2,0,2,0,2,0,1,0,2,1,2,1,1,2,2,1,2,2,2,2,1,0,2,0,0,1,1,1,1,1,1,1,2,0,2,1,2,2,1,0,2,0,2,2,1,1,0,1,1,0,
1,0,1,1,1,1,1,1,1,0,1,0,0,1,1,1,1,0,0,1,1,1,1,1,1,1,1,1,1,1,1,1,1,1,1,1,1,1,1,1,0,1,1,1,1,1,1,0,1,1,1,1,1,1,1,0,1,1,1,1,1,1,1,1,1,1,1,1,1,1,1,0,0,1,0,1,1,0,1,0,1,0,0,1,1,1,0,1,1,1,1,1,1,1,2,1,2,1,1,1,0,1,1,2,2,2,1,1,1,0,1,2,2,1,2,2,0,1,1,0,1,1,2,0,2,1,2,2,2,1,1,2,1,0,1,0,1,1,1,0,1,1,2,1,1,0,1,1,0,2,0,1,2,1,0,1,0,0,1,1,
0,1,1,1,1,1,0,1,1,1,1,1,1,1,1,1,1,1,1,1,1,1,1,1,1,0,1,1,1,1,1,1,1,1,1,1,1,1,1,1,1,1,0,1,1,1,1,1,0,1,1,0,0,1,0,1,1,1,1,1,1,1,1,1,1,1,1,1,1,1,1,1,1,1,1,1,1,1,1,0,1,1,1,1,1,1,1,1,1,0,1,1,1,1,2,0,1,1,2,2,2,1,2,0,1,1,2,1,1,2,0,2,2,2,1,1,1,2,0,1,2,2,0,2,2,1,2,0,2,2,1,0,2,2,2,1,0,1,1,1,1,1,2,0,2,1,2,2,2,0,0,1,1,1,1,2,1,1,2,2,
1,1,0,0,0,1,1,1,1,1,1,0,1,1,1,0,0,1,1,1,1,1,1,1,1,1,1,0,1,0,0,1,1,1,1,0,1,1,1,1,1,1,1,1,1,1,0,1,1,1,1,1,1,1,1,1,1,0,0,1,1,1,0,1,1,0,1,1,0,1,1,1,1,1,1,1,1,1,1,1,1,1,0,1,0,1,1,1,1,0,1,1,1,1,1,2,1,1,2,1,0,1,2,0,2,0,0,2,1,1,2,1,1,1,1,1,2,0,1,2,1,1,2,1,1,2,0,1,1,1,1,2,0,0,1,1,1,0,1,1,1,1,1,1,1,1,2,1,1,2,1,2,0,0,2,2,0,2,1,0,
0,1,1,0,1,1,1,1,1,1,0,1,0,1,1,1,1,1,1,1,0,1,1,1,1,0,1,0,1,1,0,1,1,1,1,1,1,1,1,1,1,1,1,1,1,1,0,1,1,0,0,1,1,1,1,1,1,1,1,0,1,1,1,1,1,1,1,1,0,1,1,0,1,0,0,1,1,1,1,0,1,0,0,1,1,0,0,1,1,1,1,1,0,1,1,1,0,2,1,2,0,1,0,0,1,2,1,1,2,0,1,2,0,2,1,1,2,1,0,0,2,1,1,1,0,0,1,1,0,1,2,1,2,2,1,1,1,1,1,1,1,1,0,2,1,1,2,1,1,2,0,1,1,1,0,1,1,2,2,2,
1,1,1,1,1,1,1,1,1,1,0,0,1,1,1,0,1,1,0,1,1,1,0,1,1,1,1,1,1,1,1,1,1,0,1,1,1,0,0,1,1,1,1,1,1,1,1,1,1,1,1,1,1,1,1,1,1,0,1,1,1,0,1,1,1,1,1,1,1,1,1,1,1,1,1,1,1,1,1,1,0,1,1,1,0,1,0,1,1,1,1,1,1,1,1,1,2,1,1,2,2,1,0,1,2,1,0,0,1,1,2,1,1,0,2,2,2,0,2,1,0,1,0,1,1,2,2,1,2,2,1,2,0,2,2,1,1,0,1,1,1,1,2,1,0,2,1,2,0,1,1,1,1,2,1,2,1,0,1,1,
1,1,1,1,1,1,1,1,1,1,1,1,1,1,1,1,1,1,1,1,1,0,1,1,1,1,1,1,0,1,1,1,0,0,1,1,1,0,1,1,0,1,1,1,0,1,1,1,1,1,1,1,1,1,1,1,1,1,0,1,1,1,1,1,0,0,0,1,1,1,1,1,1,1,1,0,1,1,1,1,1,1,1,1,1,1,1,1,1,1,1,0,0,0,2,1,0,1,2,1,1,1,1,0,1,2,2,1,1,2,1,1,0,0,1,1,1,2,2,1,2,2,1,0,0,1,0,1,1,1,1,1,1,0,1,1,1,1,1,1,0,1,2,1,2,1,2,2,2,1,2,2,0,2,1,1,0,1,0,0,
1,1,0,1,1,1,1,1,1,1,1,1,1,1,1,1,1,1,0,1,1,1,1,1,1,1,1,1,0,1,1,1,1,1,1,1,1,1,1,1,1,1,1,1,1,1,1,1,1,1,1,1,1,0,1,1,1,1,1,1,1,1,1,1,0,1,1,1,1,0,0,1,1,1,1,1,1,0,1,1,0,0,1,1,1,0,1,1,1,1,1,0,1,1,1,2,1,0,0,1,1,2,0,2,0,1,1,2,0,2,2,1,2,1,2,2,2,0,2,0,1,1,1,1,1,1,1,1,0,0,0,1,1,1,1,1,1,1,1,1,1,1,0,1,1,1,1,2,2,1,2,2,1,1,0,2,2,1,0,0,
1,1,1,1,0,1,1,1,1,1,1,1,0,1,1,1,0,1,1,1,1,1,1,0,0,1,1,1,0,1,1,0,1,1,1,1,1,1,1,1,1,1,1,0,1,1,1,1,1,1,1,0,1,0,1,1,1,1,1,1,1,1,1,1,1,1,1,1,1,0,1,1,1,0,1,1,1,1,1,1,0,1,1,1,1,1,1,1,0,1,1,1,1,1,0,2,2,1,1,2,2,1,0,2,2,0,1,1,2,1,1,1,2,1,2,1,2,0,1,0,2,2,2,2,1,1,1,1,1,1,1,1,1,0,0,1,1,1,1,1,1,1,1,1,2,2,2,1,0,2,1,2,1,1,2,0,2,0,1,0,
1,1,1,1,0,0,0,1,1,1,0,1,1,0,0,1,1,1,1,1,0,1,1,1,1,0,0,0,1,1,0,1,1,1,0,1,0,1,1,1,1,1,1,0,1,1,1,1,1,1,1,1,0,1,0,0,1,1,1,1,0,1,1,1,1,1,1,1,1,1,1,1,1,1,1,1,1,1,1,1,1,1,1,1,1,1,1,1,1,1,1,1,1,1,1,2,2,2,1,2,1,2,2,0,0,1,1,2,1,2,1,0,0,2,1,0,0,0,1,0,2,2,0,2,1,1,1,0,1,1,1,0,1,0,1,1,0,1,1,1,1,1,2,1,2,1,2,2,0,2,2,1,2,1,2,2,0,1,2,0,
1,1,1,1,1,1,0,1,1,1,1,1,1,1,1,1,1,1,1,1,0,1,1,1,1,1,1,0,1,1,1,0,1,1,1,0,0,1,1,1,1,0,1,1,0,1,1,1,1,1,1,1,1,1,1,1,1,1,1,0,1,1,1,1,1,1,1,1,1,1,1,0,1,1,1,0,1,1,1,1,1,1,1,1,1,1,1,0,1,1,1,1,1,1,1,2,1,0,0,1,1,0,1,1,2,1,1,2,0,0,0,2,2,0,0,1,2,1,1,1,1,2,1,2,0,0,1,1,0,1,1,1,1,0,1,1,1,1,1,1,1,1,1,2,1,1,0,2,1,0,0,0,1,1,2,2,0,2,1,1,
1,1,1,1,1,1,1,0,0,1,0,1,1,0,1,1,1,1,1,1,1,1,0,1,0,0,1,1,0,1,1,1,1,0,1,1,1,1,1,1,1,1,1,1,1,1,1,1,1,1,1,1,1,0,0,0,1,1,1,1,1,1,1,1,1,1,1,0,0,1,1,0,1,1,1,1,1,1,1,1,1,1,1,1,1,1,0,1,1,1,1,1,1,1,2,2,2,0,2,1,2,1,1,1,1,2,1,2,1,1,1,2,0,0,1,2,2,2,1,0,0,1,1,1,1,1,1,1,0,1,0,1,1,1,1,0,1,1,1,1,1,1,0,1,2,2,2,0,1,2,1,2,1,1,0,1,1,2,2,1,
1,1,1,1,0,1,1,1,1,1,1,1,0,1,1,1,1,0,1,1,1,0,1,1,1,1,1,1,1,1,1,1,1,0,1,0,0,1,1,1,1,1,1,1,1,1,1,1,0,1,1,1,1,1,1,1,1,1,1,1,1,1,0,1,1,1,1,1,1,1,1,1,1,1,1,1,1,1,1,1,1,1,1,1,1,1,1,1,0,0,1,1,1,1,1,0,1,1,1,0,1,1,1,1,1,1,1,1,0,1,1,0,0,1,1,0,0,1,1,1,0,0,1,0,1,1,0,1,0,1,1,0,1,1,1,1,1,0,1,1,1,0,2,1,1,1,2,2,2,1,2,2,1,1,0,2,1,0,1,1,
0,1,1,1,1,1,1,1,0,1,1,0,1,1,1,1,1,1,1,1,1,1,1,1,1,1,1,1,1,0,1,1,1,1,1,1,1,1,0,0,0,1,1,0,1,1,1,1,0,1,1,1,1,0,1,1,1,0,1,1,1,1,1,1,0,1,1,1,1,1,1,1,1,1,1,1,1,1,1,1,1,1,1,1,1,1,1,1,1,1,1,1,1,1,0,1,0,1,0,0,1,1,1,1,0,1,1,1,1,1,1,0,1,1,1,0,1,1,1,1,1,1,1,1,1,1,0,1,1,1,0,1,1,1,1,0,1,1,1,1,1,1,2,2,2,1,1,1,2,0,2,2,1,2,1,1,2,1,2,1,
0,1,1,1,1,1,1,1,1,0,1,1,0,1,1,1,1,1,1,1,1,0,1,1,1,1,0,1,0,1,1,0,0,0,1,1,1,1,1,1,1,1,1,1,1,1,0,1,1,1,1,1,1,1,1,1,1,1,1,1,1,1,1,0,0,0,1,1,1,1,1,0,0,1,1,1,1,0,1,1,0,0,1,0,1,0,1,1,1,1,1,1,0,0,1,0,0,0,0,1,1,1,1,1,1,1,1,1,1,1,0,1,0,1,1,1,1,1,0,1,1,1,1,1,0,1,1,1,1,1,1,1,1,1,1,1,1,1,0,1,1,0,0,2,2,2,2,1,1,2,1,2,2,1,2,1,0,2,2,1,
1,0,1,1,1,1,1,1,1,1,1,1,1,1,1,1,1,0,1,1,1,1,1,1,1,1,0,0,1,1,0,1,0,1,1,1,1,1,1,1,1,1,0,1,1,1,1,1,1,1,0,1,1,1,1,1,0,1,1,1,1,1,1,0,1,1,1,1,1,1,1,1,1,1,1,1,1,1,1,0,1,1,1,1,1,1,1,0,1,0,1,1,1,1,1,1,1,1,1,0,1,1,1,1,1,1,0,1,1,1,1,1,1,1,1,1,1,1,0,1,1,1,1,1,1,0,1,0,1,1,1,1,1,1,1,1,1,1,1,1,1,0,2,2,1,2,2,2,1,1,1,2,1,0,0,2,1,0,2,0,
1,1,1,1,1,1,1,1,1,0,1,1,1,1,0,1,1,1,1,1,1,1,1,1,1,1,0,1,1,1,1,1,0,0,0,1,1,1,1,0,1,1,1,1,1,1,1,1,0,1,1,1,0,1,1,1,1,1,0,1,1,1,0,1,1,1,1,1,1,1,1,1,0,1,1,1,1,1,1,1,1,1,1,1,1,1,1,1,1,1,1,1,1,1,1,1,1,1,1,1,1,1,1,0,1,1,1,1,0,1,0,1,1,1,0,1,1,1,1,1,1,1,1,1,1,1,0,1,1,1,1,0,1,1,1,0,1,1,0,1,1,1,0,1,2,1,1,2,1,2,1,2,2,0,2,2,1,1,1,1,
1,1,1,1,1,1,1,1,0,1,1,1,1,1,1,0,1,1,1,1,1,0,0,1,1,0,1,1,0,0,1,1,0,1,1,1,1,1,1,1,1,1,0,0,1,1,1,1,0,1,1,1,1,1,1,0,1,1,0,1,1,1,1,1,1,1,1,1,1,1,1,1,0,1,0,1,1,0,1,0,1,1,0,1,0,0,1,1,1,1,0,1,1,1,1,1,1,1,0,1,1,1,1,0,1,1,1,0,0,1,1,1,1,1,1,1,1,1,0,1,0,1,1,1,1,0,1,1,0,1,1,1,1,1,1,1,1,1,1,1,1,1,2,0,1,1,0,0,1,1,1,2,0,2,2,1,1,0,2,2,
1,0,0,1,0,1,1,1,1,0,1,1,1,1,1,1,1,0,1,1,1,1,1,1,1,1,1,1,1,0,1,1,0,0,1,1,1,1,1,1,1,1,1,0,1,1,1,1,1,1,1,1,1,1,1,1,1,1,1,1,1,0,1,0,1,1,0,1,1,1,1,1,0,1,1,1,1,0,1,0,1,1,1,1,0,1,1,0,1,1,1,1,1,1,0,1,1,1,1,1,1,0,1,0,1,0,0,1,0,0,1,0,0,1,0,1,0,1,1,0,0,1,0,1,1,0,1,1,1,0,1,1,1,1,1,1,0,1,0,1,1,1,2,1,1,0,0,2,2,0,1,1,1,2,1,2,1,0,2,0,
0,1,1,1,1,1,1,0,1,0,1,1,1,0,1,0,1,0,1,1,1,1,1,1,1,1,0,0,0,1,0,1,1,1,1,1,0,1,1,1,1,1,1,1,1,1,1,1,1,1,1,1,1,1,1,1,1,0,1,0,1,1,1,1,1,1,1,1,0,1,1,1,1,1,0,0,1,0,0,1,1,1,1,1,1,1,1,0,1,1,1,1,1,1,1,1,0,0,1,0,1,1,1,1,0,1,1,1,1,1,1,1,1,0,1,1,0,1,1,1,1,1,1,1,1,1,1,1,0,1,1,1,0,1,1,0,1,1,1,1,1,1,2,2,1,2,0,2,1,0,1,2,2,1,2,2,2,1,2,1,
1,1,1,0,1,1,0,1,1,1,0,1,1,1,1,1,1,1,1,1,1,1,1,0,1,1,1,1,1,0,1,1,1,1,1,1,0,1,1,1,1,1,1,1,0,1,1,1,1,1,1,0,1,1,1,1,1,1,1,0,1,1,1,0,1,1,1,1,1,1,1,1,1,1,1,1,1,0,1,0,1,1,1,1,1,0,1,0,1,1,1,1,1,1,1,1,0,0,0,1,1,0,1,1,1,1,1,1,1,1,1,1,1,0,1,1,1,1,1,0,1,1,0,1,1,1,1,1,1,1,1,1,1,1,1,0,1,1,0,1,0,1,2,1,1,1,2,1,1,1,1,0,2,1,1,1,0,2,2,1,
0,1,1,1,0,1,1,1,0,1,1,1,1,1,1,1,1,1,1,1,1,1,0,1,1,0,1,1,1,1,1,1,1,0,1,1,1,0,0,1,0,0,1,1,1,1,1,0,1,0,0,1,1,1,0,1,1,1,1,1,1,1,1,1,1,1,1,1,1,1,0,1,1,1,1,1,1,1,1,0,1,1,1,1,1,1,1,1,1,1,1,1,1,1,1,0,1,1,1,1,0,1,1,1,1,1,1,1,1,1,1,0,0,1,1,1,1,1,1,1,1,1,1,1,1,1,1,0,1,0,1,1,1,1,1,1,1,1,1,1,1,1,0,2,0,2,1,2,0,2,0,1,1,1,2,1,1,1,1,1,
0,1,0,1,0,0,1,1,1,1,0,1,1,1,1,1,1,1,1,0,1,0,1,1,0,0,1,1,1,1,0,0,1,0,1,1,1,1,1,1,1,1,1,0,0,1,1,0,1,1,1,0,1,0,1,0,1,1,0,0,1,1,1,1,1,1,1,1,0,1,1,1,1,1,1,0,1,0,1,1,1,0,1,0,0,1,1,1,1,1,1,1,0,0,1,1,1,1,0,1,1,1,1,0,1,1,1,1,0,1,1,1,0,1,1,1,1,1,1,0,1,1,1,0,1,1,0,1,0,0,1,1,1,0,0,1,1,0,1,1,1,0,1,0,1,0,2,0,2,0,0,0,1,2,0,2,2,2,1,2,
a,a,a,a,a,a,a,a,a,a,a,a,a,a,a,a,a,a,a,a,a,a,a,a,a,a,a,a,a,a,a,a,a,a,a,a,a,a,a,a,a,a,a,a,a,a,a,a,a,a,a,a,a,a,a,a,a,a,a,a,a,a,a,a,a,a,a,a,a,a,a,a,a,a,a,a,a,a,a,a,a,a,a,a,a,a,a,a,a,a,a,a,a,a,a,a,a,a,a,a,a,a,a,a,a,a,a,a,a,a,a,a,a,a,a,a,a,a,a,a,a,a,a,a,a,a,a,a,a,a,a,a,a,a,a,1,1,1,1,1,0,1,0,1,2,1,1,2,1,1,2,2,1,1,0,0,2,0,2,1,

