5,123|18,29|0,8|103,129|109,21|16,111|104,155|2,61|8,75|103,150|
110,0|116,41|43,152|6,156|2,131|115,7|106,26|72,155|56,7|83,4|
52,102
108,31
21,125
104,9
23,92
109,105
95,13
68,54
1,0,1,1,1,1,1,1,1,1,1,1,1,1,1,1,a,1,0,1,1,1,0,1,1,1,1,1,1,1,1,1,1,1,1,1,1,1,1,1,1,1,1,1,1,1,0,0,1,1,1,1,0,0,0,0,a,a,a,a,a,a,a,a,a,a,a,a,a,a,a,a,a,a,a,a,a,1,1,0,1,1,1,1,0,1,1,1,0,1,1,1,1,1,1,1,1,1,1,a,0,1,1,1,0,1,1,1,0,1,1,1,1,0,1,1,1,1,1,1,1,1,1,1,1,1,0,1,1,0,1,1,1,0,1,1,1,1,1,1,1,0,0,1,1,1,1,1,1,1,1,1,1,0,1,1,1,1,1,1,
1,1,1,0,0,1,1,1,1,1,1,0,1,1,0,1,a,1,0,1,1,1,1,1,1,1,1,1,1,0,1,1,1,1,1,1,1,0,1,1,1,1,1,1,1,0,1,1,1,1,0,0,1,1,1,1,a,1,1,1,1,1,0,0,1,1,0,0,1,0,1,1,0,1,1,0,0,1,0,0,1,1,1,1,1,1,1,1,1,1,1,1,1,1,1,1,0,1,1,a,1,1,1,1,1,0,1,1,0,1,1,1,1,1,1,1,1,0,0,1,0,1,1,1,1,1,1,1,0,1,1,0,0,1,1,1,0,1,1,1,1,0,0,0,0,1,1,1,1,1,0,1,1,0,1,1,1,1,1,1,
1,1,1,0,1,1,0,0,1,1,1,1,1,1,0,1,a,0,1,1,1,1,1,1,1,1,1,1,1,1,1,1,1,0,1,1,1,1,1,0,1,1,1,1,1,1,1,1,1,1,1,1,1,1,1,1,a,1,1,1,1,1,1,1,1,1,1,1,1,0,0,1,0,1,1,1,1,1,1,1,1,1,0,1,1,1,1,1,1,1,1,1,1,1,1,1,0,0,0,a,1,1,1,1,0,1,1,1,1,1,1,1,1,1,1,1,1,1,1,1,1,0,1,0,1,1,1,0,1,1,1,1,1,1,1,1,1,1,1,1,1,1,1,0,1,1,0,1,1,1,1,1,1,1,1,1,1,0,1,1,
1,1,1,0,1,1,1,0,1,1,1,1,1,1,0,1,a,0,1,1,1,1,1,1,1,1,1,1,1,1,1,1,1,1,1,0,0,1,0,0,1,1,1,0,1,1,1,0,1,1,1,1,1,0,0,1,a,1,1,1,1,1,1,1,1,0,1,1,1,1,1,0,1,1,1,1,1,1,1,0,1,1,1,0,0,1,0,1,0,0,1,1,1,1,1,1,1,1,1,a,1,0,0,1,1,0,1,1,1,1,1,1,1,0,1,1,1,1,1,1,1,1,0,1,0,1,1,1,1,1,1,1,1,1,0,0,0,1,0,1,1,1,1,1,1,1,1,1,1,1,1,1,1,1,0,1,1,1,1,1,
0,1,1,0,1,1,1,1,1,1,1,1,1,1,1,1,a,1,1,1,1,1,0,1,1,0,1,1,0,1,1,0,1,1,1,1,1,1,1,1,1,0,1,0,1,1,1,1,0,0,0,1,1,1,0,1,a,1,1,1,1,1,0,1,0,1,0,1,0,1,1,1,0,1,1,0,0,0,1,1,1,1,0,0,1,1,1,1,1,1,1,1,1,0,1,1,1,1,1,a,1,1,1,1,1,1,1,0,1,1,1,0,1,1,1,1,0,1,0,1,1,1,1,1,1,1,1,0,1,1,1,0,1,1,1,1,1,1,1,1,1,1,1,0,1,1,1,1,0,0,1,0,1,1,1,1,0,1,0,1,
1,1,0,0,0,0,0,1,0,0,1,1,1,1,1,1,a,0,0,1,0,1,0,1,1,1,1,1,1,1,1,1,1,0,1,1,1,1,1,1,1,0,1,0,1,1,1,1,1,1,0,1,1,1,1,1,a,1,1,1,1,1,1,1,1,1,1,1,1,0,1,1,1,1,1,0,1,0,1,1,0,1,1,1,1,1,1,0,1,1,1,0,1,1,1,1,1,1,1,a,1,1,1,1,1,1,1,1,1,1,0,1,0,1,1,1,1,0,1,1,0,1,1,1,1,1,1,1,0,1,0,1,1,1,1,1,1,1,1,1,1,1,1,1,1,1,1,1,1,1,0,1,1,1,1,0,1,0,1,1,
1,0,1,1,1,1,1,1,1,1,1,1,1,1,1,1,a,1,1,1,1,1,1,0,1,1,1,1,1,1,0,1,1,1,0,1,1,1,1,1,1,0,1,1,1,1,1,1,1,1,0,1,1,1,1,0,a,1,1,1,1,1,0,1,1,1,1,1,1,1,1,1,1,1,1,1,1,0,1,1,1,1,1,1,1,1,0,1,1,1,1,1,1,0,1,0,1,1,0,a,1,1,1,1,1,0,1,1,1,1,1,1,1,2,1,2,1,2,0,0,1,2,2,1,2,2,2,1,0,1,1,2,0,2,0,2,1,0,2,1,1,1,1,1,1,1,1,1,1,1,1,1,1,1,1,1,1,1,1,1,
1,1,0,1,0,1,0,1,1,1,1,1,1,1,0,1,a,1,1,1,1,1,1,1,1,0,1,1,0,1,0,1,1,0,1,1,1,0,0,1,0,1,1,1,1,1,1,1,1,1,1,1,1,1,1,1,a,1,1,1,1,1,1,1,1,1,1,1,1,0,1,1,1,1,1,1,1,1,1,1,1,1,1,1,0,1,1,1,1,1,1,0,1,0,1,1,1,1,1,a,1,1,0,1,1,1,1,1,0,0,1,2,2,0,0,2,1,2,1,2,2,0,1,2,0,1,2,2,2,1,1,2,1,1,2,1,1,2,0,1,1,1,1,0,0,1,1,1,1,1,1,1,0,0,1,1,1,1,1,1,
0,1,1,0,1,1,1,1,0,1,1,1,1,1,0,1,a,1,1,1,1,1,1,1,0,1,1,1,1,1,1,1,0,1,1,1,1,1,1,1,1,1,1,1,1,0,1,1,1,1,1,1,0,1,0,1,a,1,1,1,1,0,1,1,1,1,1,0,0,0,1,1,1,0,1,1,1,0,1,2,0,0,1,2,0,1,1,1,0,2,2,1,2,1,1,0,2,0,0,a,2,0,0,1,1,2,1,1,1,0,1,1,2,2,2,1,1,2,2,0,1,1,2,2,0,1,2,2,1,1,0,2,2,1,1,1,2,1,2,1,1,0,1,1,0,1,1,1,1,0,1,1,1,1,1,1,1,0,0,1,
1,1,0,1,0,0,1,1,1,1,1,1,1,1,1,0,a,1,1,1,1,1,1,1,1,1,0,1,0,1,1,1,1,1,1,1,1,0,1,1,1,1,0,1,1,1,0,1,0,0,1,1,0,1,1,1,a,1,1,0,1,1,1,1,1,1,1,1,1,0,1,1,1,1,1,1,1,1,2,2,2,1,2,2,2,2,2,1,2,0,0,1,1,1,2,2,2,2,1,a,1,2,1,2,1,2,2,0,0,1,0,1,0,2,2,1,2,1,2,1,0,1,0,1,1,2,2,2,2,0,2,1,1,1,1,1,2,2,1,1,1,1,1,1,1,1,1,1,1,1,1,1,1,1,1,1,1,1,1,1,
1,1,1,1,1,1,1,0,0,1,1,1,0,1,0,1,a,1,1,1,1,1,1,1,1,1,1,1,1,1,1,1,1,1,0,1,1,1,0,1,1,1,1,1,1,1,1,1,1,1,1,1,1,1,1,0,a,1,0,0,1,1,1,1,1,1,0,1,0,0,1,1,1,0,1,1,1,1,0,1,2,0,2,1,0,1,0,2,1,1,1,0,1,1,0,1,1,2,1,b,1,1,1,1,1,1,2,1,1,1,2,2,0,2,2,1,1,2,1,1,2,0,2,1,1,0,2,0,1,2,0,2,2,1,2,2,1,2,2,1,1,1,1,1,0,1,1,1,1,1,1,1,1,1,1,1,1,1,1,1,
1,0,1,1,1,1,0,1,1,1,1,1,1,0,1,0,a,1,1,1,1,0,1,1,1,1,1,1,1,0,1,1,1,1,1,1,1,1,1,1,0,1,0,1,1,0,1,1,0,1,1,1,1,1,1,1,a,1,1,1,0,1,0,1,1,1,1,0,1,0,1,1,1,1,1,1,1,2,2,1,1,0,1,0,0,1,2,1,1,1,0,2,2,2,1,0,0,2,2,b,1,2,2,0,1,2,2,1,1,1,1,1,0,2,2,2,1,1,1,2,1,1,2,1,2,1,2,0,0,2,2,1,0,2,1,2,2,2,1,1,1,1,1,1,1,1,1,1,1,1,0,0,1,1,0,1,0,1,1,1,
1,1,0,1,1,1,1,1,1,1,1,1,1,1,1,1,a,0,1,1,1,1,1,0,1,1,1,1,0,1,1,1,1,1,0,0,1,1,1,1,1,1,1,0,1,1,1,1,1,0,1,1,1,1,1,0,a,1,1,1,1,1,1,0,0,1,1,1,1,1,1,1,1,1,1,1,1,1,2,2,1,2,1,1,1,2,1,2,2,0,1,1,1,2,0,1,1,1,1,b,2,1,1,0,2,1,2,1,1,1,2,0,0,0,2,1,1,1,2,1,1,2,1,0,0,1,1,1,2,1,2,1,1,2,1,1,1,1,1,0,1,1,1,1,0,1,1,0,1,1,1,1,1,1,1,1,1,1,1,0,
1,1,1,1,1,1,0,1,1,1,0,0,1,0,1,1,a,1,1,1,1,1,1,1,1,0,1,1,1,0,1,0,1,1,1,1,0,1,1,1,0,1,1,0,0,0,0,0,1,0,1,1,1,1,1,0,a,1,0,1,1,0,1,1,1,1,1,0,1,0,1,1,1,0,0,1,1,2,0,2,0,0,1,0,1,1,2,2,2,1,1,1,2,0,1,1,2,2,1,b,0,1,2,1,2,1,1,1,1,1,2,1,0,1,0,0,2,2,2,1,2,0,1,2,2,1,2,2,1,1,2,2,1,2,2,0,1,1,1,0,1,1,0,1,1,1,1,1,0,0,1,1,0,1,1,1,1,0,1,1,
1,0,1,1,1,1,1,1,1,0,1,1,1,1,0,0,a,1,1,1,1,1,1,1,0,1,1,1,1,1,0,1,1,0,1,0,1,1,1,1,1,1,0,0,1,1,1,0,1,0,1,0,1,0,1,1,a,1,0,1,1,1,1,1,1,1,1,1,0,0,1,1,1,0,1,1,1,2,1,2,2,1,0,1,2,2,0,2,2,0,1,2,2,1,1,2,1,2,2,a,2,1,2,0,1,2,1,0,1,1,1,2,2,0,2,0,1,1,1,2,1,2,0,1,2,2,2,0,1,1,2,0,0,1,1,1,2,2,0,0,1,1,1,0,0,1,1,0,1,1,1,1,1,0,1,1,0,1,1,0,
1,1,1,1,1,1,1,1,1,1,0,1,1,1,1,1,a,1,1,1,1,1,1,1,1,1,1,1,1,1,0,1,1,1,1,1,1,1,1,1,1,1,0,1,0,0,1,0,1,1,1,1,1,1,0,1,a,0,1,1,1,0,1,0,1,0,0,1,1,1,0,1,1,1,1,1,0,2,2,2,2,2,1,2,2,2,2,0,1,2,1,2,2,2,2,2,1,1,1,a,2,2,1,2,2,2,2,0,1,1,1,0,1,1,0,2,2,0,1,2,2,1,1,2,2,0,2,0,2,2,2,2,1,0,2,1,2,2,2,1,1,1,1,0,0,1,0,0,1,1,1,0,1,1,1,1,1,1,1,1,
1,1,0,1,1,0,1,1,1,1,1,1,1,1,1,0,a,1,0,1,1,0,1,1,1,1,1,1,1,1,1,1,1,1,1,1,1,1,1,1,1,1,0,1,0,1,0,1,1,1,1,1,1,1,1,1,a,1,1,0,1,1,1,1,1,1,1,1,0,1,0,1,1,1,1,1,1,2,2,2,1,1,1,1,2,1,1,0,2,1,2,2,1,1,1,1,1,2,0,b,0,2,2,1,2,1,2,1,1,1,1,1,2,1,2,0,1,2,2,2,2,2,1,2,1,2,1,1,1,1,2,1,2,2,1,0,2,1,1,2,0,0,1,1,1,1,1,1,1,1,1,0,1,1,1,1,1,0,1,1,
0,1,0,0,1,1,1,1,1,1,1,1,1,1,1,1,a,1,1,1,1,1,1,1,0,0,1,1,1,1,1,1,1,1,1,1,1,1,1,1,1,1,0,1,1,1,1,0,1,1,1,1,1,1,1,1,a,1,0,1,0,1,1,1,1,1,1,1,1,1,1,1,0,1,1,1,1,2,0,2,1,2,2,2,1,1,2,2,1,1,2,1,0,2,2,1,1,1,2,b,2,2,1,1,1,2,1,1,1,1,2,1,1,0,2,1,1,1,2,1,2,2,1,1,2,1,1,0,2,2,1,2,1,1,2,1,2,1,2,1,1,1,1,1,1,1,1,0,1,1,1,1,0,1,1,1,1,1,1,1,
1,1,1,1,1,1,1,1,1,0,1,0,1,1,0,1,a,1,1,1,1,1,1,0,0,0,1,1,0,1,1,0,1,1,1,1,1,1,1,1,0,1,1,1,1,1,0,1,0,1,1,1,0,1,1,1,a,0,0,0,0,1,1,1,1,0,1,1,1,1,1,0,1,1,1,0,1,2,1,0,1,1,1,2,1,2,2,2,2,2,1,0,2,1,1,1,0,2,2,b,1,2,1,2,1,0,2,1,1,1,2,1,1,2,2,1,0,1,2,2,2,2,2,2,0,2,2,1,1,1,1,1,2,2,2,0,1,1,1,2,0,1,1,1,1,1,1,1,1,1,1,1,1,1,1,1,1,1,1,0,
a,a,a,a,a,a,a,a,0,1,1,0,1,0,1,1,a,0,1,1,1,0,1,1,1,0,1,0,1,1,1,1,1,0,1,1,1,1,0,1,1,1,1,0,1,1,1,1,1,1,0,1,1,1,1,1,a,1,1,0,0,1,1,0,1,1,1,1,1,1,1,1,1,1,1,0,0,2,1,0,1,1,1,1,1,1,1,0,2,2,1,1,1,0,2,1,1,0,1,a,2,1,2,2,2,1,0,1,0,1,2,1,2,1,0,0,2,2,2,1,1,1,2,2,1,1,1,1,2,1,1,1,2,0,1,2,2,2,1,1,1,0,1,1,1,1,1,1,1,1,1,a,a,a,a,a,a,a,a,a,
0,1,0,1,1,0,1,a,0,1,1,0,1,0,0,1,a,a,a,a,a,a,a,a,a,a,a,a,a,a,a,a,a,a,a,a,a,a,a,a,a,a,a,a,a,a,a,a,a,a,a,a,a,a,a,a,a,1,1,1,1,0,0,1,1,1,1,1,0,1,1,1,1,1,0,1,1,1,2,2,1,2,2,2,2,1,2,2,1,2,1,1,1,1,1,1,1,0,0,b,1,1,2,0,0,0,2,1,0,1,1,1,2,1,0,2,1,1,1,2,2,1,2,0,1,0,1,2,0,1,1,2,1,1,1,2,1,2,0,0,1,1,1,0,0,1,1,1,1,1,1,a,1,0,1,1,1,1,1,1,
1,1,1,0,0,1,1,a,0,1,1,1,0,1,1,1,1,1,1,1,0,0,0,1,1,1,1,1,1,1,1,0,1,1,1,0,1,1,0,1,1,1,0,0,1,1,1,0,1,1,1,1,0,1,1,1,1,1,1,1,1,0,1,1,1,0,1,0,1,1,0,1,1,1,1,1,0,2,1,0,2,0,2,0,1,2,2,2,2,0,0,2,1,0,1,1,1,1,0,b,2,2,1,2,2,1,1,1,1,1,0,2,1,2,2,2,1,0,1,2,1,2,1,2,1,1,2,0,1,1,1,2,0,0,0,2,2,2,1,2,0,1,0,1,1,1,1,1,1,1,1,a,1,1,0,0,0,1,1,1,
1,1,1,0,1,1,1,a,1,1,1,1,1,1,1,1,1,1,1,1,1,1,1,1,1,1,0,1,1,1,1,1,0,1,0,0,1,1,1,1,1,1,1,1,0,1,0,1,1,0,0,1,1,1,1,1,1,0,1,1,1,1,1,1,1,1,1,1,1,1,1,1,1,1,1,1,1,2,1,1,2,2,2,2,0,2,2,0,1,2,2,2,2,0,2,2,2,1,0,b,2,1,1,1,0,2,1,1,1,1,1,1,2,1,2,1,2,1,0,1,2,1,0,2,1,0,1,1,0,2,2,1,1,2,0,2,0,2,2,0,1,1,1,1,1,1,1,1,1,1,1,a,1,0,1,1,1,1,0,1,
1,1,1,1,1,0,1,a,0,1,0,1,1,1,1,1,1,1,1,1,1,1,1,1,1,0,1,0,1,0,1,1,1,1,0,0,1,1,1,1,1,1,1,1,1,0,1,1,1,1,1,1,1,1,1,1,1,1,1,1,1,0,1,1,1,1,1,1,1,1,1,1,1,1,1,1,1,2,2,1,1,2,2,2,2,2,1,2,0,0,2,2,1,2,1,0,1,0,2,a,1,0,1,1,0,1,2,1,1,1,2,1,2,2,1,2,2,1,1,1,2,1,2,1,0,0,0,2,2,0,1,2,2,0,2,1,2,1,1,1,1,0,1,1,1,0,1,1,1,0,1,a,1,0,1,1,0,1,1,0,
1,1,1,1,0,1,0,a,1,0,1,0,1,1,0,1,1,0,1,1,1,1,0,0,1,0,1,1,1,1,0,0,1,1,1,0,1,1,1,1,1,1,1,1,0,1,1,1,1,1,1,1,0,0,1,1,1,1,1,1,1,1,1,0,0,0,1,1,0,1,0,1,1,1,1,1,1,1,0,1,1,2,2,2,1,2,2,1,1,1,2,1,0,1,1,1,1,1,1,a,2,1,2,2,2,1,2,1,1,1,1,0,1,0,1,1,1,2,2,0,1,1,1,2,1,1,0,1,1,2,2,1,2,1,1,1,1,1,1,1,1,1,1,1,1,1,1,1,1,1,1,a,1,0,1,1,1,1,1,1,
1,1,0,1,1,1,1,a,1,1,0,0,1,1,1,1,1,1,1,1,1,1,1,1,1,1,1,1,1,1,1,1,1,0,1,1,1,0,1,1,1,1,0,1,0,1,1,1,1,1,0,1,1,1,1,0,0,1,1,1,1,1,1,1,1,1,1,1,1,1,1,0,1,1,1,1,1,1,2,1,1,2,2,0,1,2,1,1,0,1,1,1,2,2,0,0,1,2,0,b,2,2,1,2,2,2,2,1,0,1,1,2,0,2,0,2,1,0,2,1,2,1,1,1,2,1,0,1,1,1,0,1,2,1,0,2,1,1,0,1,0,1,1,1,1,1,0,1,1,1,1,a,1,0,1,1,0,1,1,1,
0,1,1,1,1,1,1,a,1,1,1,1,1,1,1,1,1,1,1,0,1,0,1,1,1,0,1,1,1,0,1,0,1,0,1,1,1,0,1,1,1,1,1,1,1,1,0,1,1,0,0,1,0,1,1,1,1,1,1,0,1,1,1,1,1,1,0,1,1,1,1,1,1,1,1,1,1,1,1,1,1,2,1,2,1,0,2,2,2,2,2,2,2,2,1,1,2,1,0,b,2,2,0,1,2,2,0,1,1,1,2,2,2,2,2,2,2,0,1,0,1,1,0,1,1,1,1,0,1,2,2,1,1,2,1,2,2,1,1,2,1,1,1,1,1,1,0,1,1,0,1,a,1,1,1,1,1,1,0,1,
1,1,1,0,1,1,1,a,1,1,0,1,1,1,1,1,1,0,0,1,1,0,1,1,0,1,1,1,1,1,1,1,0,1,1,1,1,1,1,1,1,1,1,1,1,1,1,1,0,0,1,1,1,1,1,1,1,1,0,1,1,0,1,1,1,1,1,1,1,0,1,1,1,1,1,1,1,2,1,2,1,2,1,2,0,2,1,2,0,1,1,2,1,1,2,2,2,1,2,a,2,0,1,2,0,2,1,1,1,1,2,1,0,1,1,2,0,0,1,0,1,1,0,0,0,1,2,2,2,2,2,2,0,2,0,1,2,2,1,1,1,1,1,1,0,0,1,1,0,1,1,a,1,1,1,0,1,1,0,1,
1,1,0,1,1,1,0,a,1,1,1,0,1,1,1,1,1,0,1,1,1,0,1,1,1,1,1,0,0,1,1,0,1,1,1,1,1,1,1,1,1,1,1,1,1,1,1,1,1,1,1,1,1,0,1,1,1,1,1,0,1,1,1,1,1,0,1,1,1,0,1,0,1,0,1,0,1,2,1,2,0,2,2,2,2,1,2,0,0,1,1,0,0,0,1,1,1,2,2,b,0,0,1,2,0,1,0,1,1,1,2,2,0,1,0,1,1,0,1,1,1,1,0,0,1,1,2,1,2,1,2,1,1,2,1,1,1,1,2,2,0,1,1,1,0,1,1,1,1,1,1,a,1,1,1,1,1,1,1,1,
1,0,1,1,1,1,1,a,1,1,1,1,1,1,0,1,1,1,1,1,1,1,1,0,1,1,1,1,1,1,0,1,1,1,1,1,1,0,1,1,0,1,1,1,1,1,0,1,1,1,1,1,1,1,1,1,1,0,1,1,1,1,0,1,1,1,1,0,1,1,1,1,1,1,1,1,1,2,2,2,1,2,1,2,1,2,1,1,0,0,0,0,2,1,1,2,0,2,2,b,1,1,2,2,2,1,1,1,1,0,1,2,1,1,2,0,1,2,2,2,1,2,0,2,0,0,0,1,1,1,2,1,1,0,1,2,2,2,2,2,1,0,1,1,1,1,1,1,1,1,1,a,1,1,1,1,0,1,0,1,
1,1,1,1,1,1,1,a,1,1,0,1,0,1,1,1,1,0,0,1,1,1,1,0,0,1,1,1,1,0,0,1,1,1,0,1,1,0,1,1,1,0,0,1,1,1,0,1,1,0,1,1,1,1,1,0,0,1,0,1,1,1,1,1,0,1,0,0,1,1,1,1,1,1,1,0,1,1,2,1,0,1,0,1,0,2,1,2,1,2,0,1,1,1,1,2,2,1,1,a,2,2,0,2,1,0,2,1,1,0,2,0,1,0,1,0,0,2,0,2,0,2,0,1,0,2,1,2,1,2,0,2,1,2,2,2,1,1,2,2,1,1,1,1,0,1,1,1,1,1,1,a,1,0,1,1,0,1,1,1,
1,1,1,1,1,1,1,a,1,1,1,1,1,0,1,1,1,0,1,1,1,1,1,1,1,1,1,1,1,1,1,1,1,1,1,1,0,1,1,1,1,1,1,1,0,1,0,1,1,1,1,1,0,1,1,1,1,1,1,1,1,1,0,1,1,1,1,0,0,1,0,1,0,1,1,1,1,1,2,1,1,1,1,0,1,2,1,2,0,2,0,0,2,2,1,2,1,2,1,a,2,1,0,0,2,2,1,1,1,1,1,1,1,1,2,1,2,1,2,1,0,0,2,0,2,1,0,1,2,2,1,2,1,0,1,2,2,2,2,1,1,1,0,1,0,0,1,1,1,0,0,a,1,1,0,1,1,0,1,1,
0,0,0,1,1,1,1,a,1,0,0,1,1,1,1,1,1,0,1,1,1,0,0,1,1,1,0,1,1,1,1,1,1,1,1,1,1,1,1,0,1,1,1,1,1,0,1,1,1,1,1,1,1,1,1,0,1,1,0,0,1,1,0,0,1,1,1,1,1,1,0,1,1,1,1,1,1,2,2,1,2,2,2,1,1,2,2,1,1,2,2,1,1,1,2,0,2,0,2,b,0,2,2,2,1,2,0,1,0,1,0,2,1,2,1,1,2,1,1,2,1,1,0,1,2,1,1,1,0,1,2,1,1,1,2,0,1,1,2,2,1,1,1,1,1,1,1,1,1,1,1,a,1,1,1,1,1,1,1,0,
1,0,1,1,1,0,1,a,1,0,1,0,1,0,1,1,1,1,1,1,1,0,1,1,1,1,0,0,1,1,0,1,0,1,1,0,1,1,1,1,1,0,1,1,1,1,0,1,1,1,1,1,1,1,1,1,1,1,1,1,1,1,1,1,1,1,1,1,1,1,0,1,0,1,1,0,1,2,0,1,2,1,1,0,0,2,2,2,2,1,1,0,2,0,1,0,1,2,0,a,0,1,1,0,2,2,0,1,1,1,2,1,2,1,2,0,1,1,1,2,2,2,1,1,1,2,2,2,1,1,2,1,0,1,1,1,1,0,2,1,1,0,1,1,1,1,0,1,1,0,1,a,1,1,1,1,1,1,1,1,
1,0,1,1,1,1,1,a,1,1,1,1,1,1,1,1,1,0,0,1,1,1,1,0,1,1,1,1,1,0,1,1,1,1,0,1,1,1,1,1,1,1,0,0,1,1,1,1,0,1,1,0,1,1,1,1,1,1,0,1,0,0,1,1,1,1,1,1,0,1,1,0,1,1,1,0,1,2,0,2,0,2,1,2,2,1,2,2,1,2,2,2,1,1,0,1,0,2,1,b,0,2,1,1,1,0,2,1,1,1,2,1,0,1,0,0,2,2,0,1,2,1,1,1,2,1,1,1,0,2,0,1,2,1,1,0,1,0,1,2,1,1,0,1,1,0,0,1,1,1,1,a,1,1,1,1,1,1,1,1,
1,1,0,1,1,1,1,a,1,1,1,0,1,1,1,0,1,1,1,1,1,1,1,1,1,1,1,1,0,1,1,1,1,0,0,1,1,1,1,1,1,1,1,1,1,1,1,1,0,1,1,0,1,1,1,1,0,1,1,1,1,1,1,1,1,1,1,1,0,1,0,1,1,1,1,1,1,1,2,1,2,2,1,2,2,2,2,0,2,2,2,2,2,0,0,0,0,1,2,b,2,1,0,0,1,2,2,1,1,0,1,1,1,1,2,1,1,2,2,1,1,1,0,1,1,2,0,1,2,1,1,0,2,2,0,1,2,1,1,0,1,1,1,1,1,1,0,1,0,1,1,a,1,1,1,1,1,1,1,1,
1,1,0,1,1,1,1,a,1,1,0,1,1,1,0,0,1,1,1,0,1,1,1,1,1,1,1,1,1,1,1,1,1,0,1,1,1,1,1,1,0,1,1,1,1,1,1,0,0,1,1,0,1,0,1,1,1,1,1,1,1,0,1,1,1,1,0,0,0,0,1,1,1,1,1,1,0,1,2,2,0,2,2,1,2,1,2,0,0,0,2,0,1,2,1,1,1,2,2,b,2,0,1,1,1,2,0,1,1,1,1,1,1,1,1,1,1,0,1,0,0,1,1,0,1,0,1,0,0,1,1,1,1,1,1,1,0,0,0,1,1,1,1,0,0,1,1,1,0,1,0,a,1,0,1,1,0,1,1,0,
1,1,1,1,1,1,1,a,0,0,0,1,1,1,1,1,1,1,1,1,1,1,1,1,1,0,1,0,1,1,1,1,1,1,1,0,1,1,1,1,0,1,1,1,1,1,1,0,0,1,1,1,1,1,1,1,1,1,0,1,1,1,1,1,0,1,1,1,1,0,1,1,1,1,1,1,1,2,2,1,1,0,1,1,1,2,0,1,0,1,2,1,2,1,2,0,0,2,1,b,0,2,2,2,2,1,1,2,0,1,1,1,2,1,1,2,2,1,1,0,0,1,1,0,1,1,1,1,1,1,1,1,0,1,1,1,1,0,1,1,1,1,1,1,1,0,0,1,0,0,1,a,0,1,1,1,1,1,1,1,
1,1,0,1,1,1,1,a,1,1,1,1,1,1,1,1,0,1,1,1,1,1,1,1,1,1,1,0,1,0,1,0,1,1,1,1,0,1,1,1,1,1,1,1,0,1,1,1,1,1,1,1,1,1,1,0,1,1,1,1,1,1,1,1,1,1,1,1,1,1,1,1,1,1,1,1,1,0,1,1,1,1,1,1,1,1,0,1,2,1,0,2,2,1,0,2,1,1,2,a,1,0,2,2,1,2,1,2,1,1,1,1,2,2,2,2,1,1,1,1,1,1,1,1,0,1,1,1,0,1,1,1,0,1,1,1,1,1,1,0,1,1,1,1,0,1,0,1,1,1,1,a,1,0,1,1,1,0,1,1,
1,1,1,1,1,1,1,a,1,1,1,1,0,1,0,1,1,1,1,1,1,0,1,1,1,1,1,1,1,1,0,1,1,0,1,1,1,1,1,1,1,1,1,1,1,0,0,1,1,0,1,1,0,1,1,1,1,1,1,1,1,1,1,1,1,1,0,1,1,1,0,1,1,1,1,0,1,1,1,1,1,0,1,1,1,1,1,0,0,2,2,0,0,0,2,2,2,2,0,b,2,1,0,1,2,2,0,2,1,0,1,2,2,2,0,1,1,1,0,0,0,1,1,1,1,1,0,1,1,1,1,1,1,0,0,1,1,1,1,1,1,1,0,1,1,1,0,0,1,1,0,a,1,1,1,0,1,0,1,0,
1,1,1,1,1,1,1,a,0,1,1,1,1,0,1,1,1,0,1,1,0,1,1,1,1,1,1,1,1,1,1,1,1,1,1,1,1,0,1,1,1,1,0,1,1,1,1,1,1,0,0,1,1,1,1,1,0,1,1,1,1,1,1,1,0,1,1,1,1,0,1,1,0,1,1,1,0,0,0,1,0,0,1,1,1,1,1,2,1,1,2,2,2,0,2,1,2,1,2,a,1,1,1,2,1,2,0,1,2,1,1,0,2,2,0,2,1,1,1,1,1,1,1,1,0,1,1,0,0,0,1,1,1,1,1,0,1,1,1,1,1,0,0,1,1,0,1,1,1,1,1,a,1,1,1,1,1,1,1,1,
0,1,1,0,1,1,0,a,1,1,1,1,1,1,0,0,0,1,1,1,1,0,1,1,0,0,1,1,0,1,1,1,1,1,1,1,1,1,1,1,0,0,1,1,1,1,1,0,1,1,1,1,1,1,0,1,1,1,1,1,1,0,1,0,1,1,1,1,1,1,1,1,0,1,1,1,1,1,1,0,1,1,1,1,1,1,1,1,1,2,2,2,2,2,0,1,2,2,2,b,2,2,1,1,1,1,1,0,1,1,2,2,1,1,1,1,1,1,1,1,1,1,1,0,1,1,1,1,1,1,1,1,0,1,1,1,1,1,1,1,1,1,1,0,1,1,1,1,1,1,0,a,1,1,1,0,1,1,0,1,
1,0,0,1,1,0,1,a,1,1,0,1,1,0,1,1,1,1,1,1,1,1,1,1,1,1,1,1,1,0,1,1,1,0,0,1,0,1,1,1,1,0,1,1,1,0,1,1,0,1,1,1,1,1,1,1,1,1,1,1,1,1,0,1,0,1,0,1,1,1,1,1,1,1,1,1,1,1,1,1,1,1,0,1,1,1,1,2,0,1,2,2,2,2,1,1,0,2,2,a,1,2,2,1,0,2,2,0,1,1,1,2,2,0,1,2,0,1,1,1,1,1,0,1,1,0,1,1,1,1,1,1,1,1,1,1,1,1,1,1,1,1,1,1,1,1,1,0,1,1,1,a,1,0,1,1,0,1,1,1,
1,1,1,1,0,1,1,a,0,0,1,1,1,1,1,1,0,1,0,1,1,0,0,0,1,0,0,1,1,1,0,1,1,1,1,0,1,1,1,1,1,0,1,1,1,1,1,1,1,0,1,0,1,0,0,1,1,1,1,1,1,1,1,1,1,1,0,1,0,1,1,1,1,1,1,1,0,1,1,1,1,1,0,1,1,1,0,1,0,0,2,0,2,1,2,2,2,1,2,b,2,2,1,0,1,2,1,0,2,1,1,0,2,0,2,0,0,1,1,1,1,1,1,1,1,0,1,1,1,0,1,1,1,1,1,1,1,0,1,1,1,1,1,1,0,1,0,0,1,1,1,a,1,1,1,1,1,1,1,1,
1,1,1,1,0,1,1,a,1,1,0,1,1,1,1,1,0,1,1,0,0,1,1,1,0,1,1,1,1,1,1,1,1,1,1,1,1,1,0,0,1,1,0,1,1,1,1,1,1,1,1,1,1,1,1,1,1,1,0,1,1,1,1,1,1,1,0,1,1,0,1,1,1,1,1,1,1,1,0,1,1,0,1,1,1,1,1,2,2,0,2,1,1,0,1,2,1,0,0,b,0,2,2,1,2,1,1,1,2,1,0,1,0,1,2,1,1,1,1,1,1,0,0,1,1,1,1,1,0,0,1,1,1,1,1,1,0,1,1,1,0,1,1,1,1,1,0,1,1,1,0,a,1,1,0,0,0,1,1,1,
1,1,0,1,1,1,0,a,1,1,1,1,1,1,1,1,1,1,1,0,1,1,1,0,1,1,0,1,0,1,0,1,1,0,1,1,1,1,1,1,1,1,1,1,1,1,1,1,1,1,1,1,1,0,1,1,1,0,1,0,1,1,0,0,1,1,1,1,1,1,1,1,1,1,1,1,0,1,1,1,0,1,0,1,1,1,1,1,2,2,0,1,2,2,1,0,0,0,0,a,2,2,1,1,0,2,2,1,2,1,2,2,2,1,1,2,1,1,0,0,0,1,1,0,0,1,1,1,1,1,0,0,1,1,0,1,1,1,0,1,1,1,1,0,1,0,1,1,0,1,0,a,0,1,1,1,1,1,1,1,
1,1,1,1,1,1,1,a,1,1,1,1,1,1,1,1,0,1,1,1,1,1,0,1,1,0,1,1,1,1,0,1,1,1,1,1,1,1,1,1,1,1,1,1,1,1,1,0,0,1,1,1,1,1,0,1,1,1,1,1,1,1,1,1,1,1,1,0,1,1,1,1,1,1,0,1,1,1,1,1,1,1,1,1,0,1,1,2,1,1,0,2,2,0,1,2,1,2,1,b,2,2,0,2,2,2,0,0,2,1,2,1,1,0,0,0,1,1,1,0,0,1,1,1,0,1,1,1,1,1,1,1,1,1,1,1,1,1,1,1,1,1,1,1,1,1,0,1,1,1,1,a,1,1,1,1,1,1,1,1,
1,0,1,1,1,1,1,a,1,1,1,0,1,1,1,1,1,0,1,1,1,1,0,1,1,1,1,1,1,1,0,1,1,1,1,1,1,1,0,0,1,1,1,1,1,1,1,1,0,1,1,1,0,1,1,1,1,1,1,1,1,1,0,1,1,1,1,1,1,1,1,0,1,1,1,0,1,1,0,0,1,0,0,1,1,1,0,1,2,0,2,2,2,1,2,2,2,1,0,b,0,2,1,1,2,1,1,1,2,1,2,1,0,1,2,2,2,1,0,1,0,1,1,1,1,1,0,1,1,1,0,0,1,1,1,1,0,1,1,1,1,1,1,1,1,1,1,1,1,1,0,a,1,1,0,1,1,0,1,1,
1,1,1,1,1,1,1,a,1,1,1,1,1,1,0,1,1,1,1,1,1,1,1,1,1,1,0,1,1,1,1,1,1,1,1,1,1,0,1,1,1,0,1,1,0,0,1,0,1,1,1,1,1,1,1,0,1,1,1,1,1,1,1,0,1,0,1,0,1,1,1,1,1,1,0,1,1,1,1,1,1,0,1,1,1,0,1,2,1,1,2,1,1,2,2,2,1,0,2,a,1,2,1,1,0,2,0,0,1,1,0,2,2,2,2,2,2,1,1,0,1,1,1,1,1,1,1,1,1,1,1,1,0,1,1,1,1,1,0,0,1,0,1,1,1,1,1,1,0,1,1,a,1,1,0,1,1,1,1,1,
1,1,1,1,1,1,1,a,0,1,1,0,1,1,1,0,1,0,1,1,1,1,0,1,1,1,0,0,1,1,0,0,1,1,0,1,1,0,1,1,1,1,1,1,0,1,1,1,1,1,1,1,1,1,0,1,1,1,1,1,1,0,1,1,1,1,1,1,1,1,1,1,1,1,1,1,0,0,1,1,1,1,1,1,1,1,0,0,0,1,2,1,2,2,1,1,2,0,2,a,1,2,2,1,0,1,2,1,0,2,2,2,0,2,1,2,2,1,1,0,0,1,1,1,0,1,1,1,0,1,0,1,1,0,1,0,1,1,1,1,1,1,1,1,1,0,1,1,1,1,1,a,1,1,1,1,1,1,0,1,
1,1,1,1,1,1,1,a,1,1,1,1,1,0,1,1,1,1,0,1,1,1,0,1,1,1,1,1,1,1,1,1,1,1,1,1,1,1,1,1,1,1,1,1,1,1,1,1,1,1,0,0,1,1,1,0,1,1,0,1,1,0,1,1,0,1,1,1,1,1,0,0,1,1,1,1,1,1,1,1,1,1,1,1,1,1,1,1,2,2,2,0,1,1,0,0,0,1,0,a,2,1,1,1,0,1,1,0,0,0,2,2,0,1,0,1,2,1,0,0,1,1,1,0,1,0,1,1,0,1,1,1,1,1,1,1,0,1,0,1,1,1,1,1,1,0,0,1,1,1,1,a,1,1,1,1,1,1,1,1,
0,1,1,1,1,1,1,a,1,1,0,1,1,1,0,1,1,1,1,1,1,1,1,1,1,0,1,1,1,0,1,1,1,1,1,1,1,0,1,1,1,1,1,1,1,1,1,1,0,1,1,1,1,0,0,1,1,1,0,1,1,1,1,0,1,1,1,1,0,1,1,1,1,1,1,1,1,1,1,1,1,1,1,1,0,1,1,2,0,2,2,2,2,1,1,2,2,1,1,a,1,1,1,1,2,1,2,1,0,2,1,1,0,1,2,0,1,1,0,1,1,1,1,1,1,1,1,1,1,1,1,0,1,1,0,1,1,0,0,1,1,1,1,0,1,1,1,1,0,1,1,a,1,0,1,1,1,1,1,1,
1,1,1,1,1,1,1,a,1,1,1,1,1,1,0,1,0,0,1,1,1,1,1,1,1,1,0,0,1,1,0,0,1,1,0,1,1,1,1,0,1,1,0,1,0,1,0,1,0,1,1,1,0,1,1,1,1,1,1,0,0,1,1,0,1,1,1,0,1,1,1,1,1,1,1,1,1,1,1,0,1,1,1,1,1,1,0,1,2,2,1,1,2,1,1,1,2,2,2,b,1,1,1,2,2,1,2,2,0,2,0,1,0,2,1,1,1,1,1,1,1,1,0,1,1,1,1,1,1,1,1,1,1,1,1,1,1,1,1,1,1,1,1,1,0,1,1,1,1,1,1,a,1,1,1,1,1,1,1,1,
0,0,1,1,1,1,1,a,1,1,1,1,1,1,0,1,1,0,1,0,0,1,1,1,1,0,1,1,1,1,1,1,1,1,1,1,1,1,1,1,1,2,1,2,2,2,2,0,2,2,2,1,1,0,0,2,2,2,2,0,1,2,0,1,1,1,1,1,2,1,0,1,1,0,1,1,1,1,0,1,1,1,1,1,1,1,1,0,0,0,0,1,2,1,2,2,2,2,2,b,1,2,1,0,1,1,1,1,2,1,1,0,1,2,0,2,1,1,0,1,1,1,1,1,0,1,1,1,1,1,1,0,1,1,0,1,0,1,0,1,1,0,1,1,1,0,1,0,1,1,1,a,1,0,1,1,1,1,0,1,
1,1,1,1,1,0,0,a,1,1,1,0,1,1,0,1,1,0,0,1,1,1,1,1,1,0,1,1,1,1,1,0,0,1,1,0,0,1,0,1,1,2,2,2,2,1,1,2,2,2,1,1,1,2,2,1,0,1,2,2,2,1,0,2,2,0,2,2,2,1,1,0,1,1,1,1,1,0,0,1,1,1,1,1,1,1,1,1,1,0,1,2,2,2,1,1,1,1,2,b,2,1,0,2,1,2,1,1,1,0,1,0,1,1,1,2,1,0,1,1,0,1,1,0,1,1,1,1,1,1,1,1,0,1,1,1,1,1,1,0,1,0,1,1,1,1,0,1,1,1,1,a,1,1,1,1,0,1,1,1,
1,1,0,1,1,1,1,a,1,1,1,1,1,1,0,1,1,1,1,1,1,1,0,1,0,1,1,1,1,1,1,1,1,1,1,1,1,1,0,0,1,0,1,0,2,2,1,2,1,1,1,1,2,1,1,2,1,1,1,0,2,2,2,0,0,1,1,0,0,1,1,1,0,1,1,1,0,0,1,1,0,1,0,1,1,1,1,2,0,1,2,2,1,0,1,1,0,2,0,a,2,0,1,2,1,2,0,2,2,2,2,2,2,1,2,0,0,1,1,1,0,1,1,1,0,1,1,1,1,1,1,0,0,1,1,1,1,1,1,1,1,1,1,1,1,0,1,0,1,1,1,a,1,0,1,1,1,1,0,0,
1,1,1,1,1,1,1,a,1,1,1,1,1,1,1,1,1,1,0,1,0,0,1,1,1,1,1,1,1,1,1,1,1,1,1,1,1,1,1,2,1,1,0,1,1,2,0,2,2,1,0,2,1,1,2,2,1,2,2,2,2,1,2,1,2,2,2,1,2,1,1,1,1,1,1,1,0,1,1,1,0,1,1,1,1,1,1,1,1,0,1,2,1,2,0,1,2,1,1,b,2,2,1,0,1,2,0,1,2,0,2,1,2,1,1,2,2,1,1,0,1,1,0,1,1,1,1,1,1,1,1,1,1,0,0,1,0,0,1,1,1,1,1,1,0,1,1,1,1,1,1,a,1,1,1,0,1,1,1,0,
1,1,0,1,1,1,0,a,1,1,0,1,0,1,1,1,1,0,1,0,1,1,1,1,1,1,1,1,0,1,0,1,1,1,1,0,1,0,1,2,2,1,2,0,0,0,2,0,2,1,2,2,0,1,1,0,2,2,2,1,2,1,1,1,1,2,0,2,2,1,1,1,1,1,1,1,0,1,1,1,0,1,1,1,1,1,1,0,2,2,2,2,1,0,1,1,2,2,1,a,2,0,1,2,2,1,0,2,1,0,0,1,0,2,1,2,2,1,1,1,1,0,1,0,0,1,0,1,1,0,1,1,1,0,1,1,1,0,1,1,1,0,1,1,1,1,1,0,1,1,1,a,1,0,0,0,1,0,1,1,
1,1,1,0,1,1,0,a,1,1,1,1,1,1,1,1,0,1,1,1,0,1,1,1,1,1,1,1,1,1,1,1,1,1,1,1,1,1,1,2,1,2,2,1,1,1,0,2,0,2,0,2,2,2,2,2,2,0,2,1,1,0,2,2,2,1,1,2,2,1,1,1,1,1,1,0,0,1,1,1,1,1,1,1,1,1,0,1,1,2,1,0,1,1,1,2,1,1,1,a,1,2,1,1,2,2,2,2,1,0,1,1,1,0,1,1,1,1,1,1,1,1,1,1,1,1,1,1,1,1,1,1,0,1,1,1,1,0,1,1,1,1,1,0,1,1,1,1,1,0,1,a,0,1,1,1,1,0,0,1,
1,1,1,1,1,0,1,a,1,1,1,1,1,1,1,1,0,1,1,1,1,1,1,1,1,1,1,1,1,1,1,1,0,1,1,1,1,0,1,1,2,1,2,0,1,1,1,0,1,2,1,2,2,2,2,2,1,2,1,0,2,2,1,1,2,2,1,2,1,1,1,1,0,1,1,1,1,1,1,1,1,0,0,1,1,0,1,2,1,1,0,2,2,2,1,0,0,0,0,a,1,1,2,0,2,2,1,1,0,1,0,2,1,0,1,2,2,0,1,0,0,1,1,1,1,1,1,1,0,1,1,1,1,0,1,1,0,1,1,1,1,1,1,1,1,1,1,1,1,0,1,a,1,1,0,1,1,0,1,1,
0,0,1,1,0,1,0,a,0,1,1,1,1,1,1,1,1,0,0,1,0,0,0,1,0,0,0,1,1,1,1,0,1,1,1,1,1,0,1,2,1,1,0,2,0,2,1,0,1,2,2,2,0,2,1,1,2,2,1,1,1,2,2,1,1,2,0,0,2,0,1,1,1,0,1,1,1,1,1,1,1,1,1,1,1,0,1,1,1,2,2,1,1,2,2,1,1,2,1,b,1,2,0,1,1,1,2,1,1,1,2,2,1,2,1,1,2,0,1,1,1,1,1,1,0,1,1,1,1,1,1,1,0,0,1,1,1,1,1,1,1,1,0,0,1,0,1,0,1,1,0,a,1,1,1,1,1,1,0,1,
1,1,1,0,1,1,1,a,1,1,1,1,1,1,1,1,0,1,0,1,0,0,1,1,0,1,1,1,1,1,1,1,1,0,1,1,1,1,1,1,2,1,2,1,2,2,2,0,2,1,0,0,1,1,2,1,2,0,0,1,1,1,2,1,2,1,2,2,1,1,1,1,1,1,0,0,1,1,1,1,1,1,1,1,1,1,0,2,1,1,1,0,1,1,1,2,2,2,1,a,2,2,0,1,1,1,2,0,2,1,1,2,2,2,1,1,1,0,0,1,1,1,1,1,1,1,1,1,1,1,1,1,1,1,1,1,1,1,1,1,0,0,1,0,0,1,0,1,1,1,1,a,1,0,1,1,1,1,0,1,
0,0,1,1,1,1,1,a,0,1,1,0,1,1,1,1,0,1,1,0,1,1,0,1,0,0,0,1,1,1,1,1,0,0,1,1,1,1,1,0,2,1,1,2,1,1,1,2,0,0,2,1,0,0,2,1,1,0,2,1,1,2,0,1,2,2,2,1,1,1,1,1,1,1,1,0,1,0,1,1,0,1,1,1,1,1,1,2,2,1,2,1,1,2,1,2,2,1,2,a,1,2,1,0,2,2,0,2,0,2,2,2,1,1,1,2,2,1,1,1,0,0,1,1,1,1,1,1,1,1,1,1,1,1,0,1,1,0,1,1,1,1,1,0,0,1,1,1,1,1,1,a,1,1,0,1,0,1,1,1,
1,1,1,1,1,1,1,a,1,1,1,0,1,1,1,1,1,1,1,1,1,1,1,1,1,1,0,1,1,1,1,1,1,1,1,1,1,0,0,1,2,1,2,1,0,1,1,1,0,1,2,1,1,2,2,2,0,1,2,1,1,1,1,2,1,1,1,1,2,1,1,1,1,1,1,1,1,0,1,1,1,1,1,1,1,1,1,1,2,1,2,1,2,0,2,1,2,1,0,b,2,2,1,1,0,1,1,2,1,0,2,1,1,1,2,1,1,0,1,1,1,1,1,1,1,0,1,1,1,0,1,1,1,1,1,1,1,1,1,1,0,1,1,1,1,1,1,1,1,1,1,a,1,1,0,1,1,0,0,1,
1,1,1,0,0,1,1,a,1,0,1,0,0,1,1,1,1,1,1,1,1,0,1,1,0,1,1,1,1,1,1,1,0,1,1,1,0,1,1,1,2,2,1,2,2,1,0,1,0,2,1,0,0,1,1,2,1,1,1,1,0,0,2,0,0,2,1,1,2,0,1,1,1,1,0,0,1,1,1,1,1,1,1,1,0,0,1,1,2,0,1,1,1,2,2,2,2,1,0,a,1,2,2,2,2,2,1,1,1,2,1,2,1,2,1,1,1,1,1,1,1,1,1,1,1,1,1,1,1,1,0,1,1,1,1,1,1,1,1,0,1,1,1,1,1,0,0,1,1,0,1,a,1,1,1,1,1,1,1,1,
1,1,1,1,0,1,1,a,1,1,1,1,1,1,1,1,0,0,1,0,1,1,1,1,1,1,0,1,1,1,1,1,1,1,1,0,1,1,1,1,2,1,1,2,0,1,2,2,1,0,1,0,2,2,1,1,1,2,1,1,0,2,2,2,2,0,1,2,1,0,1,1,0,0,1,1,1,1,1,1,1,0,1,1,1,1,1,2,2,2,1,1,2,2,2,1,2,1,1,a,1,0,1,2,0,1,0,2,2,1,0,0,0,2,2,1,1,1,1,1,1,1,0,1,0,0,0,0,1,1,0,1,1,1,1,1,1,1,0,1,1,1,1,1,1,0,1,1,1,1,1,a,1,0,1,1,1,1,1,0,
1,0,1,1,1,1,1,a,0,0,1,1,0,1,1,1,1,1,1,1,0,1,1,0,0,1,1,0,0,1,0,1,0,1,1,1,1,1,1,0,1,0,1,1,2,1,0,0,1,0,0,2,1,2,2,2,1,2,2,2,1,0,2,2,0,1,1,2,0,1,1,1,1,1,1,1,1,0,1,1,1,1,1,0,1,1,1,1,2,2,0,1,0,2,1,1,0,0,2,a,0,1,2,0,1,1,1,1,1,2,1,2,1,0,1,1,1,1,1,1,1,1,1,1,1,1,1,1,1,1,0,0,0,1,1,0,1,1,1,0,1,1,1,1,1,1,1,1,1,1,0,a,1,1,1,1,1,1,0,1,
0,1,1,1,1,1,1,a,0,1,1,1,1,0,0,0,0,1,0,1,1,1,1,0,0,1,1,1,1,0,1,0,1,1,0,1,1,1,0,1,1,1,1,1,0,0,0,1,1,2,2,2,2,0,1,2,1,2,1,2,1,1,2,0,2,2,2,2,2,1,0,1,1,1,1,1,1,1,1,0,1,1,1,1,1,1,1,1,1,0,0,1,1,1,0,1,1,0,1,a,1,1,0,1,1,1,1,1,1,1,0,1,1,1,0,1,1,1,1,1,1,1,1,1,1,0,1,1,1,1,1,0,1,1,1,1,0,1,1,1,0,1,1,1,0,1,1,1,1,0,1,a,1,1,1,1,0,1,1,1,
1,1,1,1,1,1,0,a,1,1,1,0,1,1,1,1,0,1,1,0,1,1,1,1,1,1,0,1,1,1,1,1,1,1,1,1,0,0,0,2,1,2,2,1,1,1,2,1,1,0,1,1,2,1,2,0,2,0,1,2,0,1,2,1,1,0,1,2,1,1,1,1,1,0,1,0,1,0,1,1,1,1,1,1,1,0,1,1,1,0,1,1,0,1,1,0,1,1,1,a,0,1,0,1,1,1,0,1,1,1,0,1,1,1,1,1,1,0,1,1,1,1,1,1,1,1,0,1,1,1,1,1,1,1,1,1,1,1,1,1,1,1,1,1,1,0,0,1,0,1,1,a,0,1,1,1,1,0,0,1,
1,0,1,1,1,0,0,a,1,1,1,0,1,1,1,0,0,1,1,1,1,1,1,1,0,1,1,0,1,1,1,1,0,0,0,1,1,1,1,2,0,2,0,2,2,1,2,1,2,2,1,2,2,1,2,1,1,0,0,2,2,1,1,2,2,2,1,0,1,1,1,0,1,1,1,1,1,1,1,1,1,0,1,1,1,1,1,1,1,1,1,1,1,1,1,0,1,1,1,a,1,1,0,1,1,1,0,1,1,1,1,1,1,0,1,1,1,1,1,1,0,1,1,1,1,1,1,1,1,1,1,1,1,1,1,0,1,1,1,0,1,1,1,1,1,1,1,1,1,0,1,a,1,0,0,1,0,0,0,1,
0,0,1,0,1,1,1,a,1,0,1,1,1,1,1,0,0,1,1,1,0,1,1,1,1,1,1,1,0,0,1,0,1,1,1,1,1,1,0,1,2,2,0,2,2,1,1,1,1,2,2,1,0,1,2,1,2,2,1,2,2,2,1,2,2,2,2,1,2,0,1,1,1,0,1,1,0,1,1,1,1,1,1,1,1,0,1,1,0,1,1,0,1,0,1,0,1,1,1,a,1,1,0,1,1,0,1,1,1,1,1,1,1,0,1,1,1,0,1,1,1,1,1,1,1,0,1,1,1,1,1,1,1,1,1,0,1,1,1,1,1,1,1,1,1,1,1,1,0,1,1,a,1,0,0,1,1,1,1,1,
1,0,1,0,1,0,1,a,1,1,1,1,1,1,1,1,1,1,1,1,1,1,1,1,1,1,0,1,1,1,1,1,1,1,1,1,1,0,1,1,2,1,0,1,1,1,2,0,1,1,2,0,1,2,0,0,1,2,2,0,0,0,1,1,2,2,0,1,2,1,1,1,1,1,1,0,1,1,1,1,1,1,1,1,1,1,1,1,1,1,1,1,1,0,1,1,1,1,1,a,1,0,1,1,1,1,1,1,1,1,0,1,1,1,1,0,1,1,1,0,1,1,1,1,0,1,1,1,1,1,1,0,1,1,1,1,1,1,0,1,1,1,1,1,1,1,1,1,0,1,1,a,1,1,1,1,1,1,0,1,
0,0,1,1,0,1,0,a,1,1,0,1,1,1,0,1,1,1,1,1,1,1,1,0,1,1,1,1,1,0,1,1,1,1,1,1,1,1,0,1,2,1,1,1,2,2,1,2,1,2,1,2,1,1,1,2,1,2,2,1,2,2,1,1,1,1,1,2,2,1,1,1,1,0,1,1,1,1,0,1,1,0,1,0,1,0,1,1,1,1,1,1,1,0,1,1,1,0,1,a,1,1,1,1,0,1,1,1,1,1,0,1,1,1,0,1,1,1,1,1,0,1,0,1,0,1,0,1,1,1,1,1,1,1,1,1,1,1,1,1,1,0,1,0,1,0,1,1,1,1,1,a,1,1,1,1,1,1,0,1,
0,1,1,0,1,1,1,a,1,1,1,1,0,1,0,1,1,0,0,0,1,1,0,1,1,0,1,1,1,1,1,1,1,1,1,1,1,0,1,2,0,1,1,0,1,2,0,1,2,1,1,0,2,1,1,2,1,1,1,1,1,0,0,2,1,1,2,2,2,1,1,1,0,0,1,1,1,1,1,1,1,1,1,0,1,0,1,1,1,0,1,1,0,1,1,1,1,1,1,a,1,1,1,1,1,1,1,0,1,1,1,1,0,0,1,1,1,1,1,1,0,1,1,1,1,1,1,1,1,1,1,1,1,1,1,1,0,0,1,0,1,0,1,1,1,1,1,1,1,1,0,a,1,1,1,1,1,0,0,0,
1,1,1,0,1,1,1,a,1,1,1,1,1,1,1,0,1,1,0,0,1,1,1,1,0,0,1,1,1,1,1,1,1,1,1,1,1,1,0,2,2,1,0,2,2,2,2,1,2,1,1,1,0,2,0,1,0,1,1,1,0,2,0,2,1,2,0,1,2,1,1,1,1,1,1,1,1,1,1,1,1,1,1,1,1,0,1,1,1,1,1,1,1,0,1,1,1,1,0,a,0,0,1,1,1,1,1,1,1,1,1,0,1,1,1,1,1,1,0,1,1,1,1,1,0,1,1,1,0,0,0,0,1,1,1,1,1,1,1,1,0,1,1,1,1,0,1,1,0,1,1,a,1,1,1,0,1,1,1,1,
1,1,1,0,1,1,1,a,1,0,1,1,1,1,1,1,1,1,1,0,1,1,1,1,1,1,0,1,1,0,1,1,0,0,0,1,1,1,1,2,1,2,0,2,2,1,2,1,0,1,1,2,1,2,2,2,2,2,2,1,2,1,1,0,2,2,1,1,1,1,1,1,1,1,1,0,0,1,1,0,1,1,1,1,1,1,1,1,0,1,1,1,0,0,1,1,1,1,1,a,1,1,1,1,1,0,1,1,1,1,1,1,1,0,1,1,0,1,0,0,1,0,0,1,1,1,1,1,0,0,0,1,1,1,0,1,1,1,1,1,0,1,1,1,1,1,1,1,1,1,1,a,1,1,1,1,1,1,0,1,
0,1,0,1,0,1,1,a,1,1,1,0,0,1,1,0,0,1,1,1,1,1,1,0,1,1,1,1,1,1,1,1,1,1,1,1,1,1,1,2,2,1,2,1,1,1,0,0,0,1,2,2,1,1,1,1,2,2,2,1,1,1,1,2,0,2,0,2,1,1,0,1,1,1,1,0,1,1,1,1,1,1,1,1,1,1,1,0,1,0,1,1,1,1,0,1,1,1,0,a,1,1,1,1,0,1,1,0,1,1,1,1,1,0,1,1,1,1,1,1,1,1,1,0,1,1,1,1,1,1,1,1,1,1,1,0,1,1,0,1,1,0,1,1,1,1,1,1,1,1,0,a,1,1,1,1,1,1,1,1,
1,1,1,1,1,1,1,a,1,1,0,0,1,1,1,1,1,1,1,0,1,1,1,1,1,1,1,1,1,0,0,1,1,1,1,0,1,1,1,1,2,1,2,0,1,2,1,0,2,0,1,2,2,1,0,1,1,1,1,2,2,2,1,1,2,2,2,2,2,0,1,0,0,1,1,1,1,1,1,1,1,1,0,1,1,1,1,1,1,0,1,1,1,1,0,1,0,0,1,a,1,1,1,1,1,0,0,1,1,0,1,1,1,0,1,1,0,1,1,1,1,1,1,1,1,0,1,1,1,1,1,1,1,1,0,1,0,1,1,1,1,1,1,1,1,1,1,1,1,1,1,a,1,1,1,1,1,0,1,1,
1,1,1,1,0,1,1,a,1,1,1,1,1,0,1,1,1,1,1,1,1,1,1,0,0,1,1,1,0,1,1,1,1,1,1,0,1,1,1,2,1,1,1,0,2,1,2,0,2,2,2,2,1,1,1,2,1,2,0,1,0,2,2,1,1,1,0,0,1,1,1,1,1,1,0,1,1,1,1,1,1,1,1,1,1,0,1,1,1,1,0,1,1,1,1,1,1,1,1,a,1,1,1,1,1,1,1,0,1,1,0,1,1,0,1,1,1,1,0,1,1,1,1,1,0,0,1,1,1,1,1,1,1,1,1,1,1,1,1,1,1,1,0,1,1,1,1,0,0,1,1,a,1,0,0,1,0,0,1,1,
1,1,1,1,1,1,0,a,1,1,1,1,1,1,1,1,1,1,1,0,0,1,1,0,1,1,1,1,1,1,0,1,1,1,1,1,0,1,1,1,0,1,2,1,0,1,2,2,2,2,1,1,0,1,1,1,2,1,2,1,2,2,0,0,0,1,1,2,2,0,0,1,0,1,1,0,1,1,1,1,1,1,0,1,1,1,1,1,1,1,0,0,0,1,1,1,0,1,1,a,0,1,1,1,1,1,0,1,0,1,1,1,0,1,1,1,1,1,1,1,1,1,1,1,1,1,1,1,1,1,1,1,1,1,1,1,1,1,0,0,1,1,1,0,1,1,1,1,1,1,1,a,1,1,1,1,1,1,1,1,
1,2,1,2,1,1,2,b,1,2,2,1,2,2,1,2,0,2,1,1,1,1,1,1,1,0,1,1,0,1,1,1,0,1,1,1,1,1,0,2,1,2,2,2,1,0,1,2,1,1,2,1,1,2,2,1,2,0,1,2,0,2,1,1,2,0,1,1,0,1,1,1,0,1,0,1,0,1,1,1,1,1,1,1,1,1,1,1,0,0,0,1,1,1,1,1,1,1,1,a,1,1,0,1,1,1,1,1,0,0,1,1,1,0,1,1,1,0,1,1,1,1,1,1,1,1,1,1,0,1,1,1,1,1,1,1,0,1,1,0,1,1,1,1,0,1,1,1,0,1,0,a,1,1,1,1,1,1,1,0,
1,2,1,1,1,2,1,b,1,0,1,1,1,2,2,1,1,0,2,2,2,1,1,2,0,0,2,2,1,1,1,1,1,1,1,1,1,1,1,2,0,2,1,0,2,0,2,2,1,1,1,0,0,2,0,0,2,1,1,2,2,1,2,2,1,0,2,0,0,1,1,1,1,1,1,0,1,1,1,1,1,0,1,1,1,1,1,1,1,1,1,1,1,1,1,1,1,0,1,a,0,0,1,1,1,1,1,1,1,1,1,1,1,1,1,1,1,1,1,1,1,0,1,1,1,1,0,1,1,1,1,0,0,1,1,1,1,0,1,1,0,1,1,1,1,0,1,1,1,1,1,a,1,1,1,1,1,1,1,1,
1,2,1,0,1,1,2,b,1,2,2,1,2,0,0,2,2,2,1,1,0,2,1,2,0,1,1,2,0,1,1,0,1,1,0,1,1,1,1,1,1,0,0,1,1,1,0,2,1,1,2,2,1,2,0,0,2,2,0,2,2,1,2,1,0,1,1,1,1,1,1,0,1,1,1,1,0,1,1,1,1,1,1,1,0,1,1,0,1,0,1,1,1,1,1,0,1,1,1,a,1,0,0,1,0,1,1,1,1,1,1,1,1,1,1,1,1,0,1,1,1,1,0,1,0,1,1,0,1,1,1,0,1,1,1,0,0,1,1,1,1,1,1,1,1,1,1,1,1,0,1,a,1,0,0,1,1,1,1,1,
1,2,2,1,1,2,1,b,2,1,2,2,1,1,1,0,0,2,2,1,1,1,1,1,1,2,1,1,1,1,1,1,1,1,0,1,1,1,1,1,0,0,1,1,1,1,1,1,1,1,1,0,0,0,1,1,1,1,1,1,1,1,1,1,1,1,1,1,1,1,1,1,1,1,1,1,1,1,1,1,1,1,1,1,1,1,1,0,1,1,1,1,1,1,0,1,1,1,1,a,1,1,1,1,1,1,1,1,1,1,1,1,1,1,1,1,1,1,1,1,1,1,1,1,1,1,1,1,1,1,0,1,1,0,1,0,1,1,1,1,1,1,1,1,1,1,0,1,1,0,1,a,1,1,1,1,1,1,1,1,
0,2,2,0,2,1,1,a,2,0,1,1,2,2,0,2,2,1,2,0,0,1,1,0,1,1,1,0,1,1,1,1,1,1,1,0,1,1,1,1,1,1,0,1,1,0,1,1,1,1,1,1,1,1,1,1,1,1,1,1,1,0,1,1,0,1,1,0,0,1,1,0,1,1,1,0,1,1,1,1,1,1,1,1,1,1,1,1,0,1,1,0,1,1,1,1,1,1,1,a,1,1,1,1,1,1,1,1,1,1,1,1,1,0,0,1,1,1,1,1,1,1,1,1,0,1,1,1,1,1,1,1,1,0,1,0,0,1,1,1,1,0,1,1,1,0,0,1,0,1,1,a,1,1,1,1,0,1,1,1,
0,0,1,0,1,2,1,a,2,2,2,2,2,2,2,0,0,0,1,2,0,2,2,2,2,0,2,1,1,1,1,1,1,1,1,1,0,1,1,1,1,1,1,1,0,1,1,1,1,1,0,1,1,1,0,1,1,1,0,1,1,1,0,0,1,1,1,1,1,1,1,1,1,1,1,1,1,1,1,1,1,0,1,1,1,1,1,0,1,1,0,1,1,0,1,1,1,1,1,a,1,1,0,1,1,0,0,1,1,1,1,1,1,1,1,1,1,0,0,1,1,1,1,1,1,1,1,1,0,0,1,0,1,0,0,1,1,1,1,1,0,1,1,1,1,1,1,1,0,1,1,a,1,1,1,1,1,1,1,1,
1,2,2,1,1,2,1,b,1,2,1,1,0,2,2,2,1,0,2,1,1,1,1,1,0,0,0,2,1,0,0,0,1,1,1,1,0,1,1,1,1,1,1,1,1,1,1,1,0,1,1,1,1,1,1,1,1,0,0,1,1,1,0,1,0,1,1,1,0,1,1,1,1,1,1,1,1,1,1,0,1,1,0,1,1,1,1,1,1,1,0,1,1,1,1,1,1,1,1,a,0,1,1,1,1,1,1,1,0,0,1,1,1,1,0,1,1,1,1,0,1,0,1,1,1,0,0,1,1,1,1,1,1,0,1,0,1,1,1,1,1,1,0,1,1,1,1,1,1,1,1,a,1,1,1,1,0,1,1,0,
0,2,1,0,0,0,2,a,0,2,2,1,2,2,1,0,2,2,2,2,1,2,1,1,2,0,0,1,1,1,0,1,0,1,1,1,1,1,1,1,1,1,1,1,1,0,0,1,1,0,1,0,1,1,0,1,0,1,1,0,1,1,1,1,1,0,1,1,1,0,1,1,1,1,1,1,1,1,1,1,1,1,0,0,1,1,1,1,1,1,1,1,1,0,1,0,1,0,1,a,1,1,1,1,1,1,1,0,1,1,1,0,1,1,1,1,1,1,1,1,1,1,1,1,1,1,1,0,1,0,1,1,0,1,1,1,1,1,0,1,1,1,1,1,1,0,1,0,1,0,0,a,1,1,1,1,1,1,0,0,
1,2,1,2,0,0,1,b,2,0,2,0,2,2,1,1,0,2,2,2,2,0,2,2,1,2,1,0,1,1,1,1,1,0,1,1,1,1,1,0,1,1,1,0,1,0,1,1,1,1,1,1,0,1,1,1,1,0,1,1,1,1,1,1,1,1,1,1,1,0,1,0,1,1,1,1,1,1,1,1,1,1,1,0,1,1,1,0,0,1,1,1,0,1,1,1,1,0,1,a,1,1,1,1,1,1,1,0,1,1,1,1,1,0,1,1,1,1,1,1,1,0,1,1,0,1,1,1,1,1,1,1,1,1,1,1,1,1,1,1,1,0,1,1,1,1,1,1,1,1,1,a,1,1,1,1,1,1,1,1,
1,2,2,1,2,0,2,b,1,1,1,0,0,2,0,2,1,0,1,1,2,0,2,1,2,0,1,2,1,0,1,1,1,1,1,1,0,1,0,1,1,0,1,1,1,1,1,1,1,0,0,1,1,0,1,1,1,1,0,0,1,1,1,1,0,1,0,1,1,1,1,1,1,1,0,1,1,1,1,0,1,1,1,1,1,0,1,0,1,1,1,1,1,1,1,1,1,1,1,a,1,1,0,0,1,1,1,1,1,0,1,0,0,1,0,1,1,1,1,1,1,1,1,1,1,0,1,1,1,0,1,1,1,0,1,1,1,1,1,1,1,0,1,1,1,1,1,1,1,1,1,a,1,1,1,1,0,0,1,0,
0,1,1,2,1,1,1,b,1,0,2,1,2,0,0,1,1,1,0,1,1,2,2,1,0,1,0,1,1,0,0,0,1,0,1,1,0,1,1,1,1,1,1,1,1,1,0,0,1,1,1,0,1,1,0,1,1,0,0,1,1,1,1,1,1,1,1,1,1,0,1,1,0,0,1,1,1,1,1,1,1,1,1,1,1,0,0,1,0,1,0,1,1,0,1,1,1,1,0,a,1,1,1,0,1,0,1,1,1,1,1,1,1,1,0,0,1,1,1,1,1,1,1,1,1,1,1,1,0,0,1,1,1,1,1,1,1,1,1,1,1,0,1,1,1,0,1,1,1,1,0,a,1,1,1,1,1,1,1,0,
0,1,1,1,0,0,2,a,0,0,1,0,2,1,2,2,2,1,2,2,1,2,1,1,0,1,2,1,1,1,1,1,1,1,1,0,1,1,1,1,1,1,0,1,0,1,1,1,1,1,1,1,0,1,1,1,1,0,1,1,1,1,1,1,1,1,1,0,1,1,1,1,1,1,1,1,1,1,1,1,1,1,1,0,1,1,1,1,1,1,1,1,1,0,1,1,1,1,0,a,1,1,1,1,1,0,0,1,1,0,1,1,0,1,0,0,1,1,1,1,1,0,0,1,1,1,1,0,1,1,1,1,1,1,0,0,0,1,1,1,0,1,1,1,1,1,1,1,1,1,1,a,1,0,1,1,1,1,1,1,
1,2,0,0,0,2,2,b,2,2,1,2,1,1,0,2,2,2,1,0,2,1,2,2,0,0,2,2,1,1,1,1,0,1,0,1,1,0,1,0,0,1,1,1,1,1,1,1,1,1,1,1,1,1,0,0,0,1,1,1,1,1,1,0,1,1,1,1,1,1,1,1,0,0,1,1,0,1,1,1,1,1,1,1,0,1,1,1,1,1,1,1,0,1,1,1,1,1,1,a,0,0,1,1,1,0,1,1,1,1,1,0,1,1,1,0,1,0,1,1,1,1,1,1,0,1,1,1,1,1,1,1,1,1,1,1,1,1,1,1,1,0,1,1,0,0,1,1,1,1,1,a,1,0,1,1,1,1,0,1,
1,0,2,2,2,2,0,b,2,2,2,0,2,0,2,1,0,1,2,1,1,1,1,2,2,2,2,1,1,2,1,1,2,1,2,2,0,1,1,1,2,1,1,1,1,2,1,1,1,1,1,1,1,0,0,1,1,0,0,1,1,1,1,1,0,0,1,0,1,1,1,0,1,1,1,1,0,1,1,1,1,1,1,1,1,1,1,1,1,1,1,0,1,1,1,1,1,1,1,a,1,1,1,0,1,1,0,1,1,1,0,1,1,1,1,1,0,1,1,0,1,1,1,1,1,1,1,1,1,0,1,1,1,1,0,1,1,1,1,1,0,1,0,1,1,1,0,0,1,1,1,a,1,1,1,1,1,1,1,1,
0,0,1,2,2,2,1,b,1,2,0,2,0,1,1,2,2,2,2,2,1,1,2,2,2,1,1,1,2,2,2,2,1,2,2,2,1,2,1,1,2,2,1,2,2,1,1,0,1,0,0,1,1,1,1,1,1,1,0,1,1,0,1,1,0,1,1,1,1,1,1,1,1,1,1,1,1,1,1,1,1,1,1,1,1,1,0,1,1,1,1,0,0,2,0,2,2,2,2,a,0,1,0,2,1,0,2,0,0,0,2,2,2,2,2,1,1,1,1,1,1,1,1,1,1,1,0,1,1,1,1,1,1,1,1,1,1,1,0,1,1,1,1,0,1,1,1,1,1,1,1,a,1,1,0,1,1,1,1,1,
1,1,2,1,1,2,2,b,2,2,1,0,1,1,2,2,2,0,0,1,1,1,0,1,1,2,0,2,2,1,1,1,2,1,0,1,2,1,1,0,1,1,2,2,0,2,1,0,1,0,1,1,1,1,1,1,0,1,1,1,1,1,1,1,1,1,1,1,1,0,1,1,1,1,1,0,1,1,1,1,1,1,1,1,1,1,1,1,1,1,0,0,2,2,1,2,2,1,2,b,1,1,1,2,2,2,1,2,1,2,0,1,2,2,1,1,1,1,2,0,1,1,1,1,1,1,1,1,1,0,0,1,1,1,1,1,1,1,1,1,1,1,1,1,1,1,1,0,1,1,1,a,1,0,1,1,1,0,1,0,
1,0,0,1,0,2,0,a,0,1,2,1,2,1,0,2,1,0,2,1,1,2,1,1,1,1,1,1,1,0,2,1,1,2,2,2,1,1,1,2,1,0,2,1,2,2,1,1,1,1,1,0,1,0,1,0,1,0,1,1,1,1,1,1,1,1,1,0,1,1,0,1,1,1,1,1,1,1,1,1,1,1,1,1,1,0,1,1,1,1,0,2,2,1,1,2,2,0,2,b,1,0,0,2,1,1,1,1,2,1,1,2,2,0,1,2,2,2,2,2,1,1,1,1,1,1,0,1,1,1,1,1,0,0,1,1,1,1,1,1,1,1,1,1,1,0,1,1,1,1,1,a,0,1,1,1,1,1,1,1,
1,1,2,1,2,1,2,a,0,2,1,2,1,2,1,1,1,2,2,2,2,2,1,0,2,0,1,0,1,2,2,1,1,2,2,0,1,2,2,2,0,1,1,0,2,2,1,1,1,0,0,1,1,1,1,1,1,0,1,1,1,0,1,1,1,1,1,0,1,1,1,1,1,1,1,1,1,1,1,0,1,1,1,1,1,1,1,0,1,1,1,0,2,2,1,0,2,1,2,b,0,2,1,1,2,1,0,1,2,2,2,1,1,0,1,2,2,1,1,1,1,1,1,1,1,1,1,1,1,1,1,1,1,1,1,1,0,1,1,1,1,1,1,1,1,1,1,1,1,1,1,a,1,1,1,1,1,0,0,1,
1,2,2,1,1,1,2,a,2,0,2,2,2,2,0,0,1,1,2,0,2,0,2,1,1,2,1,1,2,2,2,1,2,2,2,1,1,2,1,1,1,1,2,1,2,2,1,0,1,0,1,0,1,0,0,1,1,0,0,1,1,1,1,1,1,1,1,0,1,1,0,1,0,1,1,0,0,0,0,0,1,1,1,1,1,1,1,0,1,0,0,2,0,2,1,0,1,2,0,b,2,1,2,2,1,1,1,0,2,2,1,1,0,2,2,1,1,1,2,2,1,1,1,1,1,0,1,1,1,1,1,1,0,1,1,0,1,1,1,1,1,1,1,1,1,0,1,1,1,1,0,a,1,0,1,0,0,1,1,1,
1,2,2,2,2,2,0,b,2,0,1,0,0,0,1,1,2,1,1,2,2,1,1,1,0,2,1,1,1,2,1,1,0,2,0,0,1,2,0,2,1,2,2,0,2,2,1,0,1,1,1,1,1,1,1,1,1,0,0,1,1,1,1,1,1,1,1,1,0,0,1,1,0,1,1,1,1,0,1,1,1,1,1,1,1,1,1,1,1,1,1,1,2,1,2,0,2,0,1,a,2,2,0,0,1,1,2,1,1,2,1,0,2,1,1,0,2,1,1,2,0,1,0,1,0,0,1,1,0,0,1,1,0,1,1,0,1,1,1,1,1,1,0,1,0,1,1,0,1,1,1,a,1,0,1,0,1,0,1,1,
1,2,1,2,2,2,2,a,2,1,2,0,2,2,2,1,2,2,1,0,0,1,0,0,2,2,2,2,2,1,1,0,2,1,1,1,2,2,1,2,2,0,2,2,1,1,1,1,1,1,0,1,1,1,1,1,1,1,1,1,1,1,1,1,1,1,1,1,0,1,0,1,1,1,1,1,1,1,1,1,1,1,1,1,1,0,1,1,0,0,1,0,1,2,0,1,2,1,1,a,2,0,0,1,1,2,0,2,0,2,2,2,0,2,0,2,2,2,1,2,1,1,1,0,0,0,1,1,1,0,1,1,0,0,1,1,0,1,0,1,1,0,1,1,1,0,1,1,1,1,1,a,0,1,1,1,1,1,1,1,
1,1,1,1,2,2,2,b,1,1,1,1,0,1,1,2,2,2,1,0,1,2,2,2,2,0,2,0,1,2,2,2,1,2,2,1,2,1,1,2,2,2,2,2,1,2,1,1,1,1,0,1,1,1,1,1,0,1,1,1,1,1,1,1,1,1,1,1,1,0,1,0,1,0,0,1,1,1,1,1,1,0,1,1,1,1,1,1,1,1,1,1,1,1,1,1,1,1,0,b,2,1,1,2,0,2,1,1,1,0,0,2,0,2,1,1,1,2,2,0,1,0,1,1,0,1,1,0,0,1,1,0,1,1,1,0,1,1,1,0,1,1,0,1,0,1,1,1,1,0,1,a,1,1,0,0,1,1,1,0,
1,1,2,1,2,1,2,a,0,2,0,0,1,1,2,2,1,1,1,2,1,1,2,2,2,2,1,1,1,2,1,1,2,2,1,2,2,1,2,1,1,1,0,2,1,2,0,1,1,1,1,1,1,1,0,1,1,1,1,1,0,0,1,0,1,1,1,1,0,0,1,1,1,1,1,1,1,1,1,1,0,1,1,0,1,0,1,1,1,1,0,2,1,1,1,0,1,2,1,b,1,2,0,2,2,1,2,0,0,2,1,0,2,2,0,1,1,0,1,1,1,1,1,1,0,0,1,1,1,1,1,1,1,1,0,1,1,1,1,1,1,1,1,1,1,1,1,1,1,1,1,a,1,1,0,1,1,0,1,0,
1,0,1,0,2,2,1,a,2,1,2,2,1,2,2,2,2,0,2,2,1,0,1,2,2,2,1,2,2,0,2,0,2,2,2,1,0,1,0,1,2,2,2,0,1,1,1,1,1,0,1,0,1,1,0,1,1,1,1,1,1,0,1,0,0,1,1,1,0,0,1,1,1,0,1,0,1,1,1,1,1,0,1,1,1,1,1,1,1,1,1,0,2,1,0,2,1,0,0,a,1,2,1,0,0,0,1,2,2,2,2,0,1,2,2,2,1,0,2,2,0,1,1,1,0,1,1,1,0,1,1,1,1,1,0,1,1,1,1,1,1,1,1,1,1,1,1,1,1,1,1,a,1,0,1,0,1,0,1,0,
0,2,1,2,2,2,2,a,2,1,2,0,0,1,2,1,1,1,2,2,0,1,1,0,2,2,1,1,2,2,2,1,1,1,2,1,1,1,1,2,0,1,2,1,0,0,1,0,1,0,1,1,0,1,1,1,0,1,1,1,0,1,0,1,1,1,1,1,0,1,1,1,1,1,1,1,1,0,1,1,1,1,1,1,1,1,1,1,1,1,1,2,2,2,0,2,1,1,1,b,1,1,0,1,2,2,1,0,2,0,0,2,2,0,1,2,2,0,1,2,1,1,1,0,0,0,1,1,1,1,1,1,0,0,1,1,1,1,1,1,1,1,1,1,1,1,1,1,1,1,1,a,1,1,1,1,1,0,1,1,
1,1,1,2,2,2,2,a,2,2,1,0,2,2,0,1,2,0,2,0,0,2,2,2,2,2,2,2,2,1,0,1,2,1,1,2,0,2,2,1,2,2,1,1,2,2,1,0,1,1,1,1,1,1,1,0,1,1,1,1,1,1,0,1,0,1,1,1,1,1,1,1,1,1,1,0,1,1,0,1,1,0,1,0,0,1,1,1,1,1,2,2,1,0,1,1,2,1,2,b,1,0,1,1,1,1,2,2,1,1,2,2,2,0,2,1,1,1,2,2,1,1,1,1,1,1,0,1,1,1,1,1,1,1,0,1,1,1,1,1,0,1,1,0,0,1,0,1,1,1,1,a,1,1,1,1,1,1,0,0,
1,0,2,0,2,2,1,b,1,1,1,2,1,2,2,0,0,2,1,0,1,1,1,2,2,1,1,1,2,1,2,2,2,2,2,2,0,0,2,2,1,2,2,1,2,2,1,1,1,1,1,0,1,1,1,1,1,1,1,1,1,1,1,1,1,1,1,1,1,1,1,0,0,0,1,1,1,1,1,1,1,1,0,1,1,1,0,0,0,1,1,2,0,2,1,1,1,1,1,a,2,2,2,2,2,1,0,2,0,1,1,2,1,1,0,2,2,1,0,2,1,1,1,1,1,0,1,1,1,0,1,1,1,1,1,1,1,1,0,1,1,1,1,0,1,1,1,1,1,0,0,a,0,1,1,0,1,0,1,0,
1,2,1,2,1,2,0,b,0,0,2,1,1,2,1,2,1,0,1,1,0,1,0,0,2,0,2,2,1,1,2,1,0,1,1,1,2,1,1,0,1,1,1,2,1,2,1,0,1,1,1,1,1,1,1,1,0,1,1,1,1,1,1,1,1,1,1,1,1,1,1,1,1,0,1,1,1,1,1,1,1,0,1,1,1,0,0,0,1,1,1,0,2,0,2,2,1,2,1,b,2,1,2,1,1,2,0,2,0,2,0,0,1,1,1,1,0,2,1,1,1,1,0,1,0,1,1,1,1,1,1,1,1,1,1,0,1,1,1,1,1,1,1,1,1,0,1,1,1,1,1,a,0,1,1,1,0,1,1,1,
1,0,1,0,1,2,1,a,0,2,1,1,2,0,2,2,0,1,1,2,1,1,1,1,1,1,1,0,1,1,2,1,2,2,2,1,0,1,2,1,1,1,1,2,0,2,1,0,1,1,1,1,1,1,0,1,1,1,1,0,0,1,1,0,1,1,1,1,1,0,1,0,1,0,1,0,0,0,1,1,1,1,1,0,1,0,1,1,1,1,1,2,1,2,2,1,2,0,1,b,2,2,1,1,0,1,1,1,0,1,1,1,0,0,2,2,1,0,2,1,1,1,1,1,1,1,1,1,1,1,1,1,1,1,0,1,0,1,1,1,1,0,1,1,1,0,1,1,1,1,1,a,1,1,1,0,1,1,1,1,
0,2,1,1,1,2,1,b,1,2,0,2,2,2,1,1,2,2,2,1,2,1,1,1,2,1,0,0,2,1,2,0,1,1,1,2,0,0,2,1,2,2,2,1,0,2,1,1,1,1,1,1,1,1,1,1,1,1,1,1,1,1,1,1,1,1,1,1,1,1,1,1,1,1,1,1,1,1,1,1,1,1,1,1,1,1,0,1,1,1,0,1,0,2,0,0,2,0,2,b,2,2,2,2,2,1,1,1,2,1,1,0,2,2,2,1,2,1,1,1,0,1,1,0,1,1,1,1,1,1,1,0,0,1,1,1,1,0,1,1,1,1,1,1,1,1,1,1,1,0,0,a,1,1,1,1,1,1,1,1,
1,2,2,2,1,2,2,b,2,2,2,2,2,0,1,2,2,0,1,1,2,2,2,2,1,2,1,0,1,2,1,1,2,1,2,2,2,0,1,2,1,2,1,1,1,1,0,1,1,0,1,1,1,1,1,1,1,0,1,1,1,0,1,1,1,1,1,0,1,0,1,1,1,1,1,1,1,1,1,0,1,1,0,1,1,0,1,1,1,0,1,0,2,1,1,1,1,2,2,a,1,1,2,2,2,2,1,1,1,1,2,1,2,1,1,0,1,2,1,1,1,1,1,1,1,0,1,0,0,1,1,1,1,0,1,1,0,0,0,1,1,1,1,1,0,1,1,1,1,1,1,a,1,1,0,1,1,0,1,1,
1,2,2,0,1,1,1,b,1,1,1,1,0,1,1,2,1,2,2,2,1,2,1,2,2,1,2,1,1,0,2,2,0,0,1,1,0,0,1,0,2,1,2,2,2,2,1,0,1,1,1,1,1,1,1,1,1,1,1,1,1,1,1,0,1,1,1,1,1,1,0,1,1,1,1,1,1,0,1,1,1,1,1,1,1,1,1,0,1,1,1,2,0,2,2,1,1,2,1,a,0,2,1,2,1,2,2,0,1,1,2,1,2,0,1,1,2,1,2,1,1,0,1,1,1,0,1,1,0,1,1,1,1,1,1,1,1,1,1,1,1,1,1,1,0,0,1,1,1,1,1,a,1,1,1,1,0,1,1,1,
0,0,2,1,1,1,0,a,2,1,2,1,2,2,2,0,1,0,1,1,2,2,0,2,1,0,2,2,2,0,1,0,2,2,1,1,1,2,1,2,0,1,0,2,0,2,0,1,1,1,1,1,1,1,1,1,1,1,1,1,0,1,1,1,1,1,1,1,1,1,1,1,1,1,1,1,1,1,0,1,0,1,1,1,1,1,1,1,1,1,1,2,1,2,2,1,1,1,1,a,1,2,1,2,2,0,2,2,1,1,2,0,1,0,1,1,1,0,1,2,1,1,1,1,1,1,1,1,1,0,1,0,1,1,1,1,1,1,1,1,1,1,1,0,0,1,0,0,1,0,1,a,0,1,1,1,0,1,1,1,
1,1,2,2,0,0,0,b,2,2,2,1,0,0,0,2,1,2,0,1,2,2,1,0,1,1,1,2,1,1,0,1,0,0,1,1,1,2,2,1,1,1,1,0,2,2,0,1,1,0,1,1,1,1,1,1,1,1,0,1,1,0,0,1,1,1,1,1,1,1,0,1,1,1,1,0,1,1,1,1,1,1,0,1,1,1,1,0,0,1,2,0,2,0,1,1,1,2,1,a,1,2,2,2,1,1,1,2,1,1,1,2,2,2,2,2,0,1,2,2,1,1,1,1,1,1,1,1,1,1,0,1,1,1,1,1,1,1,1,0,1,0,0,1,1,1,0,1,1,0,1,a,1,1,1,0,1,1,1,1,
1,2,2,2,0,1,2,b,0,2,1,0,2,1,2,1,2,2,2,2,1,1,1,2,1,1,0,0,2,0,1,1,2,1,0,2,2,0,1,2,2,0,1,2,2,1,1,1,1,1,0,1,1,0,1,1,1,1,1,1,1,1,1,0,1,1,1,0,1,1,0,1,1,0,0,1,0,1,1,0,0,1,1,0,0,1,1,1,1,0,2,0,0,2,1,2,1,0,2,b,2,1,2,0,2,2,1,1,1,1,2,2,0,2,1,1,1,1,2,2,0,1,1,1,1,1,1,0,1,1,1,1,1,1,1,0,1,0,1,1,0,0,0,1,0,1,1,1,1,1,1,a,0,1,1,1,0,1,1,1,
1,0,1,2,2,2,0,a,2,1,1,1,2,1,2,2,0,2,1,1,1,0,2,1,0,1,2,1,0,1,1,2,0,2,1,2,2,0,1,1,0,2,2,1,2,0,0,1,1,1,1,1,1,1,1,1,0,1,1,1,1,0,1,1,1,1,1,1,1,0,1,1,1,1,0,0,1,1,1,1,0,0,1,1,1,1,1,1,1,1,2,2,1,1,0,0,2,0,2,a,2,2,1,2,2,2,2,0,2,2,1,0,1,2,1,1,2,1,1,1,1,1,1,1,1,0,1,1,1,1,1,1,1,1,1,1,1,1,1,1,1,1,0,0,0,1,1,0,1,1,1,a,1,1,1,1,1,1,1,1,
1,0,2,1,2,2,1,a,1,1,2,2,1,0,1,1,2,0,2,0,2,2,1,2,1,1,1,1,0,2,2,1,1,1,1,2,1,1,1,0,2,1,1,2,1,2,1,1,0,0,1,1,1,0,1,1,1,0,1,1,1,1,1,1,1,0,1,1,1,1,0,1,0,1,1,1,1,1,1,1,1,1,1,0,1,1,1,1,1,1,2,2,2,2,0,2,1,1,2,a,1,1,2,2,1,1,2,2,1,0,1,1,0,1,2,2,2,2,1,1,1,0,1,1,1,1,1,0,1,1,1,1,1,1,1,1,1,1,1,1,0,1,1,0,1,1,1,1,0,1,1,a,1,1,0,1,0,0,1,1,
1,1,1,0,1,2,1,b,0,1,1,0,1,2,1,2,1,2,1,1,2,1,1,1,0,1,0,2,2,1,0,1,0,1,1,0,2,2,2,1,2,1,2,2,2,0,1,1,1,1,0,1,0,1,0,1,1,1,1,1,1,0,1,1,1,1,0,1,1,1,1,0,0,1,0,1,1,1,1,1,1,0,0,0,1,1,1,1,1,1,1,2,2,2,0,2,0,1,2,b,0,2,1,0,2,2,1,1,1,1,2,2,2,2,2,0,0,2,1,1,1,1,1,1,1,1,0,0,0,1,1,1,1,1,1,1,0,0,1,1,1,1,0,1,1,1,1,1,1,1,1,a,0,0,0,1,1,1,1,1,
1,2,2,0,1,0,0,b,1,2,1,0,1,2,0,2,1,2,1,0,1,1,1,1,1,2,0,2,0,2,0,2,0,1,1,1,2,2,1,0,2,1,2,0,1,2,1,1,1,1,0,0,1,1,1,1,1,1,1,1,1,0,0,1,1,1,1,1,0,1,1,1,1,1,1,1,1,1,0,1,1,1,1,1,1,1,1,0,1,1,1,1,2,2,0,1,1,1,1,a,1,1,1,0,2,2,1,2,2,2,1,1,1,1,2,1,0,1,0,1,0,1,1,1,1,1,1,1,1,1,1,1,1,0,1,0,1,0,1,1,1,1,0,1,1,1,1,1,1,1,1,a,0,0,1,1,0,1,1,1,
0,0,1,0,0,1,1,a,1,1,1,1,1,1,1,1,1,1,2,a,b,b,a,b,b,b,a,b,a,b,a,b,b,b,a,a,a,b,a,b,b,a,b,a,b,b,a,a,a,a,a,a,a,a,a,a,a,a,a,a,a,a,a,a,a,a,a,a,a,a,a,a,a,a,a,a,a,a,a,a,a,a,a,a,a,a,a,a,a,a,b,b,a,a,b,a,b,a,b,a,2,1,2,1,2,1,2,1,1,1,2,1,1,2,0,2,0,2,1,2,1,1,1,1,1,0,1,1,1,1,1,a,a,a,a,a,a,a,a,a,a,a,a,a,a,a,a,a,a,a,a,a,0,1,1,1,1,1,1,0,

