20,3|20,3|115,122|115,122|115,122|115,122|115,122|115,122|115,122|115,122|
20,3|20,3|115,122|115,122|115,122|115,122|115,122|115,122|115,122|115,122|
17,26
115,149
41,150
68,46
3,54
95,22
40,56
118,87
1,1,1,1,1,1,1,1,1,1,1,1,1,0,0,1,1,1,1,1,0,1,1,1,0,1,1,1,1,1,1,1,1,1,1,0,1,1,1,1,1,1,1,1,1,1,1,1,1,1,0,1,1,0,1,1,1,1,1,0,1,0,1,1,1,1,1,0,1,1,1,1,1,1,1,1,1,0,0,0,1,1,1,1,1,1,1,1,1,1,1,1,0,1,1,1,1,1,0,0,0,1,1,1,1,1,1,1,1,1,1,1,1,1,1,1,1,1,0,1,1,1,0,1,1,1,1,1,1,1,0,1,1,1,1,1,1,1,1,1,1,1,1,1,1,1,1,1,1,0,1,1,1,1,1,1,0,1,1,1,
0,1,1,1,1,1,1,1,1,0,1,1,1,1,1,1,0,1,1,1,1,0,0,1,1,1,1,1,1,1,1,0,1,1,1,0,1,1,1,1,1,1,1,2,2,1,1,2,1,2,2,1,0,2,1,2,1,1,2,1,1,2,0,2,1,0,2,1,0,1,1,1,1,1,1,0,1,1,0,1,1,1,1,1,1,1,0,1,1,1,1,1,1,1,1,0,0,1,1,0,1,1,1,1,1,0,1,1,1,1,1,1,0,1,1,1,1,1,1,1,1,1,1,1,0,1,1,1,1,1,1,0,1,0,1,1,1,1,1,1,1,1,1,1,1,0,1,0,1,1,1,1,1,1,1,1,0,1,1,1,
1,1,1,1,1,1,1,1,1,1,0,0,1,0,2,2,0,1,2,2,1,1,1,0,2,1,2,1,2,0,1,1,0,2,0,2,1,2,2,2,1,2,2,2,1,1,2,1,2,1,0,2,1,1,1,2,1,0,0,2,2,0,1,2,1,2,2,0,1,1,1,1,1,1,1,0,1,1,1,1,1,1,1,1,1,1,1,0,1,1,1,1,1,1,1,1,1,0,1,1,1,1,1,0,1,1,1,1,1,1,1,1,0,1,1,1,1,0,1,1,1,1,1,1,1,1,1,1,1,1,1,1,1,1,0,1,1,1,0,0,1,1,1,1,0,1,1,1,0,0,0,1,1,1,1,0,1,1,1,1,
1,1,1,1,1,1,1,1,1,1,1,1,1,1,2,0,1,1,1,2,2,2,2,0,2,2,0,1,0,2,2,1,1,2,1,2,1,0,1,2,2,0,1,2,1,2,1,1,2,0,1,2,2,0,1,1,2,1,1,2,2,1,1,2,0,2,1,2,1,1,1,0,1,0,1,1,0,0,1,1,1,1,1,1,1,0,1,1,1,1,1,1,1,0,1,1,1,1,1,1,1,1,1,1,1,1,1,1,1,1,1,0,1,1,1,1,1,0,1,1,0,1,0,1,1,0,1,0,1,1,1,1,1,1,0,1,0,1,1,1,1,1,1,1,1,1,1,1,1,1,1,1,1,1,1,1,1,1,1,1,
1,1,0,1,1,1,1,0,1,0,1,1,1,0,2,2,2,2,2,0,2,2,1,2,2,1,2,2,1,1,1,0,0,1,2,2,1,0,1,1,0,1,0,1,0,1,0,1,2,2,1,0,2,1,1,1,1,1,2,2,0,1,2,1,0,1,1,0,1,1,1,1,0,1,0,1,1,0,1,1,1,0,1,0,1,1,1,0,1,1,1,1,1,1,1,1,1,1,1,1,1,0,1,1,1,1,1,1,1,1,1,1,0,0,0,0,1,1,0,1,1,1,1,0,1,1,0,0,1,1,0,1,1,1,1,1,1,1,1,1,1,1,1,1,1,1,1,1,1,1,1,1,1,0,1,1,1,1,1,1,
0,1,1,1,1,1,1,1,1,1,0,1,2,1,2,2,1,0,1,2,1,2,1,1,2,0,1,1,2,2,1,0,1,1,0,2,2,1,1,2,1,2,2,1,1,2,1,2,2,2,0,1,1,2,2,0,2,1,1,1,2,1,1,1,1,0,0,2,0,1,1,1,1,1,0,1,1,1,1,1,1,1,1,1,0,0,0,0,1,1,1,1,1,1,1,1,1,0,1,1,1,1,1,1,1,0,1,1,1,1,1,1,1,1,0,1,1,1,1,1,0,1,1,1,1,0,1,0,0,1,1,1,0,1,1,1,1,1,0,1,1,1,0,0,0,0,1,1,1,1,1,1,0,1,1,1,1,0,1,1,
1,1,1,1,1,0,1,1,1,1,1,0,2,2,1,2,2,2,1,1,2,1,2,1,2,0,0,1,2,2,0,1,0,1,1,1,2,2,1,0,1,1,1,0,1,2,0,2,2,2,2,2,2,2,2,1,1,1,2,1,0,2,2,0,2,1,2,1,1,1,1,1,1,1,1,1,1,0,1,1,1,1,1,0,1,1,1,1,1,1,0,1,1,1,1,1,1,1,1,0,1,1,0,0,0,0,0,1,0,1,0,1,1,1,1,0,1,1,1,1,1,1,1,1,1,1,1,1,0,1,1,1,1,1,1,1,0,0,0,1,1,1,1,1,0,1,1,1,0,1,1,0,1,1,1,0,1,1,1,1,
1,1,1,0,1,1,1,1,1,1,1,0,2,2,1,0,0,1,0,2,2,0,1,2,1,1,1,1,1,0,2,2,1,2,2,1,1,2,2,2,2,1,2,1,2,2,2,1,2,2,1,1,0,2,2,1,2,1,1,1,1,0,2,2,2,0,1,0,1,0,1,1,1,1,1,1,1,1,1,1,1,1,1,1,1,1,1,1,1,1,1,1,1,1,1,1,1,1,0,1,1,1,1,1,1,0,1,1,1,1,1,1,1,1,1,1,1,1,1,1,0,1,1,1,0,1,0,1,0,1,1,1,1,1,0,1,1,1,1,1,1,1,1,1,1,1,1,1,1,1,1,1,1,1,1,1,1,0,1,1,
1,1,1,1,0,1,0,0,1,1,1,2,2,1,0,1,1,2,2,0,2,2,1,2,1,1,1,1,1,1,2,2,1,2,1,2,1,1,0,2,2,2,1,2,1,2,0,1,1,1,0,2,1,2,2,2,2,1,1,2,2,1,2,0,2,1,0,2,0,1,1,1,1,1,1,1,1,1,0,1,1,1,1,1,1,1,1,1,0,1,1,1,1,1,1,0,1,1,1,1,1,1,1,1,1,1,1,1,0,1,1,0,1,1,1,1,1,1,1,1,1,1,1,1,1,1,1,1,0,1,1,1,1,1,1,1,1,0,0,1,1,1,0,0,0,1,1,0,0,0,1,0,0,1,1,0,1,1,1,1,
1,1,0,1,1,1,1,1,0,1,1,2,2,2,2,2,2,2,0,2,2,1,1,1,2,2,2,1,2,1,1,2,2,1,1,1,1,2,2,1,2,0,0,2,2,2,2,2,0,1,1,1,0,0,1,0,1,0,2,0,2,1,2,2,1,0,2,1,1,1,1,1,1,1,1,1,1,1,1,1,0,1,1,1,1,1,1,1,1,1,1,1,0,1,1,1,1,0,1,1,1,1,1,1,1,1,1,0,0,0,1,0,1,1,0,1,1,0,1,1,1,0,1,1,1,1,1,1,1,1,1,1,1,0,1,0,1,0,1,1,1,0,1,0,1,1,0,1,1,1,1,1,1,1,1,1,1,1,1,1,
1,1,1,1,1,1,1,1,1,1,1,0,2,1,2,2,1,1,0,1,0,0,1,1,1,2,0,2,2,2,1,2,1,1,2,1,1,2,2,2,0,1,2,0,1,2,1,1,2,1,1,2,1,1,0,0,0,0,2,1,1,2,1,2,2,1,2,1,1,1,1,1,1,1,1,1,1,1,0,0,1,1,1,1,0,1,0,1,1,1,1,1,1,1,1,1,1,1,0,1,1,1,1,1,1,1,1,1,1,1,1,1,1,1,1,1,1,1,1,1,1,1,1,1,1,1,1,0,1,1,1,0,1,1,1,1,1,1,0,1,1,1,1,1,1,1,1,1,1,1,1,1,0,1,0,1,1,1,1,1,
1,1,1,1,0,0,0,1,0,0,1,2,1,2,2,2,2,1,2,0,2,2,1,1,1,1,2,1,2,1,2,0,2,2,1,0,2,0,2,1,2,1,1,2,1,1,2,1,1,2,0,0,2,2,0,2,0,2,1,1,1,2,0,2,0,1,1,1,1,1,1,1,0,1,1,1,1,1,1,0,1,1,0,0,1,1,0,1,1,1,1,0,1,1,1,1,1,0,1,1,1,1,1,0,0,1,1,1,0,1,1,1,0,1,1,1,1,1,1,1,0,1,1,1,1,1,1,1,1,1,1,1,1,0,1,1,1,1,0,1,0,1,1,1,1,1,1,1,1,0,1,1,1,1,1,1,1,1,1,1,
0,1,1,1,1,1,1,1,1,1,1,1,0,2,0,1,2,2,2,2,1,2,1,0,1,2,2,1,2,1,2,2,2,1,0,2,0,0,2,2,1,2,2,0,2,2,2,1,2,1,2,1,1,0,1,2,2,1,2,1,1,0,2,1,0,1,2,1,1,0,0,1,0,0,1,0,1,1,1,0,1,1,1,1,1,1,1,0,1,1,1,1,1,1,1,1,1,1,1,1,1,1,1,1,1,1,1,1,1,1,0,1,1,1,1,0,1,1,1,0,1,1,1,1,0,1,0,1,1,1,1,1,1,1,1,1,0,0,1,1,1,1,1,1,1,1,1,1,0,1,1,1,1,1,1,1,0,0,1,0,
1,1,1,1,1,0,1,1,1,1,1,0,1,2,1,1,1,0,0,1,1,0,2,0,1,1,2,2,2,1,2,2,1,1,0,0,2,2,1,2,1,0,1,1,2,0,2,1,2,2,2,2,0,1,2,1,1,2,0,0,2,2,1,0,0,0,0,2,2,1,1,1,1,1,1,1,1,1,1,1,0,1,1,1,1,1,1,1,1,1,0,1,1,1,1,1,1,1,0,1,1,1,1,1,1,1,1,1,1,1,1,1,1,1,1,1,1,1,1,1,1,1,1,1,1,1,1,1,1,1,1,1,1,1,1,1,1,1,1,0,1,1,1,1,1,0,1,1,1,1,1,1,1,1,0,0,0,1,1,0,
1,1,1,1,1,0,1,1,1,1,1,2,2,0,2,2,1,2,2,1,1,1,1,1,2,2,2,2,0,2,2,2,1,1,0,1,1,1,1,2,1,1,1,1,1,1,2,1,2,0,2,1,0,1,1,0,1,2,2,1,2,2,0,1,0,2,0,0,2,1,0,1,1,1,1,1,1,1,0,1,1,1,1,1,1,0,1,1,1,1,1,1,1,1,1,1,1,0,0,1,1,1,1,0,1,1,0,1,1,0,0,1,1,1,1,0,0,1,1,1,1,1,1,1,1,1,1,0,1,1,1,1,1,1,0,1,1,0,0,1,0,1,1,1,1,1,1,1,1,1,1,0,1,0,1,1,1,1,0,0,
1,1,1,1,1,1,1,0,0,1,0,2,1,1,2,0,1,2,1,1,0,1,0,0,1,1,0,2,2,2,1,1,2,1,2,2,1,2,1,2,1,1,1,1,1,1,1,2,2,1,2,0,1,1,1,1,2,2,2,2,2,1,2,0,0,1,1,0,1,1,1,1,1,1,1,0,1,1,1,1,0,1,1,1,1,1,1,1,1,1,1,1,1,1,1,1,1,1,0,1,1,1,1,1,0,0,1,1,0,0,0,1,1,1,1,1,0,1,1,1,1,1,1,1,1,1,0,1,1,0,1,1,1,1,1,1,1,1,1,1,1,1,1,1,1,1,1,1,1,1,1,1,1,1,1,1,1,1,1,1,
1,0,1,1,0,1,1,1,0,1,1,1,1,1,2,2,1,2,1,2,1,1,1,0,2,2,2,2,0,2,2,1,1,2,1,1,0,2,2,1,2,2,2,2,0,2,1,1,0,2,1,1,2,2,2,1,2,1,1,2,2,0,2,2,0,2,1,2,0,1,1,1,1,1,1,1,1,1,1,1,1,1,1,1,1,1,0,1,1,1,0,0,1,1,1,0,1,1,1,1,1,1,0,1,1,1,1,1,1,0,1,1,1,1,1,1,1,1,0,1,1,1,0,1,1,0,1,1,1,1,1,1,1,1,0,1,0,1,0,0,1,1,1,1,1,1,1,0,1,1,1,0,1,1,1,1,0,0,0,0,
1,0,1,1,1,1,0,1,1,1,0,1,1,1,1,2,0,2,1,1,0,2,1,0,1,2,2,2,2,1,1,1,2,2,1,2,2,2,0,2,1,2,0,2,1,2,1,1,1,2,0,0,0,2,1,1,2,1,2,0,2,2,0,0,2,2,2,2,1,0,1,0,1,1,1,1,1,1,0,1,1,0,1,1,1,1,1,1,1,1,0,1,1,1,0,1,0,1,1,1,1,1,1,1,1,0,1,1,1,1,1,1,0,1,1,1,0,0,1,1,0,1,1,0,1,0,1,1,1,1,1,1,0,1,1,1,1,0,1,1,1,0,1,1,1,1,1,1,1,1,0,1,0,1,1,1,0,1,0,1,
1,1,1,1,1,1,0,1,1,1,1,2,0,1,0,1,2,0,1,0,2,2,2,0,2,2,0,2,1,1,0,0,0,1,1,1,1,2,2,2,1,1,1,1,1,1,1,0,1,1,1,1,1,1,1,1,1,0,1,1,1,0,0,1,1,1,1,1,0,0,1,1,1,1,1,1,1,0,0,1,0,0,1,1,1,1,1,1,0,1,1,1,1,1,1,1,1,1,1,1,1,1,1,1,1,1,1,1,1,1,1,1,0,1,1,0,1,1,1,1,0,1,1,1,1,1,1,0,1,1,1,1,1,1,1,1,1,1,1,1,1,0,1,1,0,1,0,1,1,1,1,1,0,0,1,1,1,1,0,1,
1,1,1,1,1,1,1,1,1,1,1,2,2,2,1,1,2,1,2,1,0,1,2,0,1,1,2,1,2,0,2,0,2,2,0,0,2,0,2,0,2,1,0,0,0,1,1,1,0,1,1,1,1,1,1,1,1,1,1,0,1,0,1,1,1,1,1,0,1,1,0,1,1,1,1,1,1,0,1,1,0,1,1,1,1,1,1,1,0,1,1,0,1,1,0,1,1,1,1,1,1,1,1,1,1,1,1,1,1,1,0,1,1,1,1,0,1,1,1,1,1,1,1,1,1,1,1,1,0,1,0,1,0,1,1,1,1,1,1,1,1,1,1,1,1,0,0,0,0,1,1,1,1,1,1,1,0,1,1,1,
1,1,1,1,1,1,1,1,1,1,1,1,0,1,0,0,1,2,2,2,1,1,2,1,1,1,0,1,1,1,2,0,2,0,0,2,0,2,1,1,2,1,1,1,1,0,0,1,1,1,0,0,1,1,1,1,0,1,1,1,1,1,1,1,1,1,1,1,0,1,1,1,1,1,1,1,1,1,1,1,1,1,1,1,0,1,1,1,1,1,1,1,0,1,0,1,1,1,1,1,1,1,1,1,1,1,1,1,1,0,1,1,1,1,1,1,1,0,0,1,1,1,1,0,0,1,1,1,1,1,1,1,1,1,1,0,0,1,1,1,1,1,1,0,0,1,1,0,1,1,0,0,1,1,1,1,1,1,1,0,
1,1,1,1,1,1,0,1,1,0,0,0,1,0,1,2,1,1,2,1,2,2,1,1,0,1,2,1,1,1,2,0,1,2,2,1,1,1,0,1,0,0,1,1,1,1,0,1,1,0,1,1,1,1,1,1,1,1,1,1,0,1,0,1,1,1,1,1,1,1,1,1,1,1,1,1,1,1,1,1,0,1,1,1,0,1,0,0,1,1,1,1,0,1,1,1,1,1,1,1,1,1,1,1,1,1,1,1,1,1,1,1,1,0,1,1,1,0,1,1,1,1,1,1,0,1,1,1,1,0,1,1,1,0,1,1,1,1,1,1,1,1,0,1,1,1,1,1,1,1,1,0,1,1,1,1,0,1,1,1,
1,1,1,1,1,1,1,1,0,1,1,2,2,0,0,1,2,1,1,1,0,1,1,1,1,0,2,2,2,2,0,0,1,2,0,1,2,2,1,2,2,1,1,1,0,1,1,1,0,1,1,1,1,0,1,0,0,1,0,0,1,1,1,1,0,1,0,0,1,1,1,1,0,0,1,0,1,1,1,1,0,0,1,1,0,1,1,1,1,1,1,1,1,1,1,1,1,1,1,1,1,1,1,0,1,1,0,1,1,0,1,1,1,1,1,0,1,1,0,1,1,1,1,1,1,0,0,0,1,1,1,1,1,1,1,1,0,0,1,1,1,1,0,1,1,1,1,1,0,1,1,1,1,1,1,1,0,1,1,1,
1,1,1,0,0,1,1,0,1,1,1,2,2,2,1,0,2,0,0,0,1,1,1,2,0,1,2,1,2,2,1,1,0,2,2,0,0,1,0,2,1,1,1,1,1,1,1,1,1,1,1,1,1,1,1,1,0,1,1,1,1,0,1,1,1,1,1,1,1,1,1,1,1,1,1,0,1,1,1,1,1,1,1,1,1,1,0,1,1,1,0,0,1,1,1,1,1,1,1,1,1,1,1,1,0,1,0,0,1,1,1,1,1,0,1,1,1,0,1,1,1,1,1,1,1,1,0,1,1,0,1,0,1,1,0,1,1,0,1,1,1,1,1,1,1,1,1,1,0,1,1,1,1,1,1,1,1,0,1,0,
1,1,0,1,1,1,1,1,1,1,1,1,2,1,2,1,1,0,0,1,1,2,2,1,1,2,1,1,1,1,2,2,2,2,0,1,1,2,2,0,1,1,1,1,1,1,1,1,1,1,1,0,1,1,0,1,1,1,0,1,1,1,1,1,0,1,1,1,1,1,1,1,1,1,1,1,1,0,1,0,1,1,1,1,0,1,1,1,1,1,0,1,1,1,1,1,1,1,1,1,0,0,1,1,1,1,1,1,1,1,1,1,1,1,1,1,1,1,1,0,1,0,1,0,1,1,0,1,1,1,1,1,1,1,1,1,0,1,1,1,0,1,1,0,1,1,1,1,1,1,1,1,1,1,1,1,0,0,0,1,
1,1,0,0,1,1,1,1,1,1,1,2,1,1,1,1,1,2,2,2,1,1,2,2,2,2,2,1,2,1,2,0,2,2,1,2,0,1,2,2,0,2,1,0,1,2,0,2,1,1,1,0,2,1,1,0,0,2,1,1,1,1,2,1,2,1,2,2,0,0,1,0,1,1,0,1,1,0,1,1,1,0,0,1,1,1,1,1,0,1,1,1,1,1,0,0,1,1,0,1,1,1,0,0,1,1,1,0,0,1,1,1,1,1,1,1,1,1,0,1,1,1,1,1,1,1,1,1,1,1,1,0,1,1,1,1,1,1,1,0,1,1,1,1,1,1,1,0,1,1,1,1,0,0,1,1,1,0,1,1,
1,1,1,1,1,1,0,0,1,1,0,0,2,2,2,2,0,1,2,1,2,1,1,0,1,0,2,1,2,2,1,2,2,2,2,1,0,2,1,2,0,1,2,1,0,2,2,1,1,2,2,2,2,2,0,2,1,2,1,2,1,1,2,1,2,1,2,0,1,2,0,1,1,1,0,0,1,1,1,0,1,1,1,0,0,1,1,1,1,1,1,1,1,1,0,1,0,1,1,1,1,1,1,1,1,0,1,1,1,1,1,1,1,1,1,1,1,1,1,0,1,1,1,1,1,0,1,0,0,1,0,1,1,1,1,0,0,1,0,2,2,2,2,2,0,0,0,0,1,2,1,2,2,1,0,0,2,2,2,0,
1,1,1,1,1,1,0,1,1,0,1,1,1,1,0,0,1,1,2,0,1,1,2,2,2,2,1,1,0,2,1,1,2,2,1,1,2,1,0,1,2,1,1,2,2,1,1,1,1,0,0,2,2,1,2,2,0,2,1,0,2,2,1,2,1,2,1,2,2,1,2,1,1,1,1,1,1,1,1,0,1,0,1,0,1,1,1,1,0,1,1,1,1,1,1,0,1,0,1,1,0,1,1,0,1,1,1,1,1,0,1,1,1,1,1,1,1,1,1,0,1,1,0,1,1,1,1,1,0,1,1,1,0,1,1,0,1,2,0,1,2,2,2,1,0,1,1,1,1,2,1,2,1,1,2,1,2,2,1,1,
1,1,1,0,0,1,1,1,0,1,1,2,0,1,2,1,0,1,0,2,1,1,1,2,2,1,1,1,1,2,0,0,1,0,2,1,2,1,0,1,2,2,2,1,2,0,1,2,1,1,1,1,1,0,0,1,2,2,2,1,2,2,2,2,1,0,2,2,2,2,1,1,0,0,1,1,1,1,1,1,1,1,1,0,0,1,1,1,1,0,1,1,1,1,1,1,1,0,1,1,0,1,1,1,1,1,0,1,1,1,1,1,1,1,1,1,1,0,1,0,1,1,1,1,1,1,1,0,1,1,1,1,1,1,1,1,2,1,2,0,2,1,2,0,1,2,2,2,2,0,1,1,1,1,2,2,2,2,1,1,
0,1,1,1,1,1,1,0,1,1,0,2,2,1,1,1,1,1,1,1,2,2,1,1,1,2,2,2,2,0,1,2,1,1,1,2,1,1,0,2,2,2,2,2,2,2,2,1,2,1,1,1,2,2,2,2,2,1,0,2,1,2,2,1,2,2,1,2,1,2,0,1,1,1,1,1,1,1,1,1,1,1,1,1,1,1,1,1,0,1,0,0,0,0,1,1,1,1,0,1,1,1,1,0,1,0,1,1,1,1,1,0,1,1,1,1,1,1,1,1,1,1,1,0,1,1,1,1,0,1,1,1,1,1,1,0,1,0,2,2,0,1,0,2,2,2,1,2,1,0,2,0,1,0,1,1,1,0,0,2,
0,1,0,1,1,1,1,1,1,1,1,0,2,0,2,2,0,0,1,1,1,0,2,2,0,1,2,0,0,2,1,2,2,1,1,1,0,2,1,2,1,0,1,2,1,0,2,0,0,2,0,1,2,2,2,1,1,2,1,2,1,2,2,2,1,0,2,1,1,2,0,1,1,1,1,1,1,0,1,1,0,0,0,0,1,0,1,1,1,1,1,1,1,1,1,0,1,1,1,1,1,1,1,0,1,1,1,1,0,0,1,1,1,1,1,1,0,1,1,1,1,1,1,1,1,1,1,1,1,1,0,1,1,0,1,0,2,2,0,2,2,1,0,2,2,1,1,2,1,1,1,2,1,0,0,2,2,2,0,2,
1,1,1,1,1,1,1,0,1,0,0,2,2,2,1,1,1,2,0,1,0,2,2,0,1,1,2,0,1,0,2,1,2,2,2,1,2,0,0,0,1,0,1,2,0,1,1,2,1,1,0,2,2,0,2,1,2,1,2,1,1,1,2,1,1,1,0,2,1,1,2,1,1,1,1,1,1,0,1,1,1,0,1,1,0,1,1,1,1,0,1,1,1,1,1,1,1,1,1,0,1,1,1,0,1,0,0,1,1,1,1,1,0,1,1,1,0,1,1,0,1,1,1,1,1,1,1,1,1,1,1,1,1,0,1,2,2,2,2,2,1,2,2,1,2,1,0,1,1,1,2,2,1,0,1,2,0,0,1,1,
1,1,1,1,0,1,1,1,0,1,1,1,0,0,1,1,1,1,1,1,1,1,0,0,1,1,1,1,1,1,1,1,1,1,1,1,0,1,1,1,0,0,2,1,1,0,2,2,1,0,1,1,1,0,0,2,2,2,1,1,2,1,2,0,1,1,1,1,2,1,1,1,1,0,1,1,1,1,1,1,0,0,1,1,1,1,1,1,0,0,1,0,1,1,0,0,1,0,1,0,1,1,1,1,1,1,1,1,1,1,1,1,1,1,1,1,1,1,1,1,1,1,1,1,1,0,1,1,0,1,1,1,1,0,1,2,2,2,1,2,1,2,1,2,2,2,1,2,2,0,1,1,2,2,1,1,1,0,2,2,
1,1,1,1,1,1,1,1,0,1,1,1,1,0,0,1,1,1,1,0,1,1,1,0,1,1,1,1,1,1,0,1,1,1,0,1,1,1,1,1,1,2,2,0,1,2,2,2,2,1,1,2,0,0,1,1,1,2,1,2,1,0,2,2,2,1,2,2,0,1,0,1,0,1,1,0,1,1,0,1,1,1,0,1,1,1,1,1,1,1,1,1,0,1,1,1,1,1,1,1,1,1,1,1,1,1,1,0,1,1,1,1,1,1,1,1,0,1,1,0,1,0,1,1,1,1,1,1,1,1,1,1,1,1,1,1,1,1,1,1,1,2,2,2,1,1,2,0,2,1,1,2,2,0,0,0,2,1,2,2,
1,1,1,0,1,1,1,1,0,1,1,1,1,1,1,1,0,1,1,1,0,1,1,1,1,0,1,1,1,0,1,1,1,1,1,1,1,1,1,1,1,2,0,0,1,2,2,2,1,1,2,1,2,2,2,2,1,1,1,1,1,1,2,2,2,2,1,2,2,1,2,1,1,1,1,1,1,1,0,1,1,1,1,1,1,0,1,1,1,1,0,1,1,0,1,1,1,1,1,0,1,1,1,1,1,1,1,1,0,1,1,1,1,1,1,1,1,1,0,1,1,1,1,1,1,1,1,1,1,1,1,0,1,1,1,1,1,1,2,0,1,1,0,0,1,1,0,2,2,0,0,2,2,0,1,2,1,2,2,1,
1,1,1,1,1,1,1,0,1,1,0,1,0,1,0,1,1,1,0,1,0,1,1,1,0,1,1,1,1,1,1,1,0,1,1,1,1,0,1,1,1,1,1,2,0,2,1,2,1,2,1,1,2,1,1,1,2,2,2,2,1,2,1,2,0,0,0,1,0,2,1,1,1,1,1,1,1,1,1,1,1,1,1,1,0,1,1,1,0,1,1,1,1,1,0,1,1,1,1,1,1,1,1,1,1,1,1,1,1,1,1,1,1,1,1,1,1,1,1,1,1,1,1,0,1,1,1,1,1,0,1,1,0,1,1,1,2,1,1,1,1,1,2,1,2,2,2,2,1,0,1,0,2,1,1,2,2,1,1,1,
1,1,1,1,1,1,1,1,1,1,1,1,1,0,1,1,1,0,1,1,1,1,1,1,1,1,1,1,1,1,1,1,1,1,0,1,0,0,0,1,1,0,1,1,2,1,2,1,2,1,2,2,1,2,2,2,2,1,2,2,2,0,0,1,0,1,2,2,2,1,2,1,1,1,1,1,1,1,1,1,1,1,1,1,0,1,1,1,1,1,1,1,1,1,1,1,1,0,1,1,1,0,1,1,1,1,1,1,1,1,1,1,1,0,0,1,0,1,1,1,1,1,1,1,0,1,0,1,1,1,1,1,1,1,1,2,2,0,1,1,1,1,2,2,0,1,1,1,2,2,2,2,2,2,0,1,1,2,1,1,
1,1,1,0,1,1,1,1,1,1,1,1,0,1,1,1,1,1,0,1,1,1,1,1,1,0,1,1,0,1,1,1,1,1,1,1,0,1,0,1,1,2,2,2,1,2,1,0,2,2,2,1,1,2,0,2,2,0,2,1,1,0,2,1,0,1,1,2,2,2,1,1,1,1,0,1,0,1,1,1,1,1,1,1,1,1,1,1,1,0,1,1,0,0,1,1,1,1,1,1,1,1,1,1,1,1,1,1,1,0,1,1,1,1,1,1,1,0,1,1,1,1,0,1,1,1,1,1,1,1,1,1,1,0,0,0,0,1,1,1,1,2,2,2,2,1,1,1,1,0,2,1,2,0,2,2,1,2,1,1,
0,1,1,1,1,1,1,1,1,1,1,1,0,1,1,1,1,0,1,1,0,1,1,1,0,1,1,1,1,1,1,1,1,1,1,0,1,1,1,1,1,2,2,1,0,2,2,1,2,1,2,2,2,1,0,2,0,1,0,1,1,1,1,2,1,1,1,2,2,2,1,1,1,1,0,1,1,0,0,1,1,1,1,1,1,1,1,1,0,0,1,1,1,0,1,1,1,1,1,1,1,0,1,1,1,1,1,0,1,1,1,0,1,1,1,1,1,0,1,1,1,1,1,1,1,0,0,1,1,1,0,1,1,0,0,2,1,2,1,2,2,1,2,1,0,0,2,1,1,2,2,1,1,1,2,2,0,1,2,2,
1,1,1,1,0,1,1,1,0,1,1,1,1,1,0,1,1,1,1,1,1,1,1,0,1,1,1,1,1,1,1,0,1,1,0,1,1,1,1,0,1,1,1,1,1,1,2,2,1,1,2,1,1,1,1,1,2,1,1,1,2,2,2,0,1,1,2,2,1,0,1,1,1,0,1,1,1,1,1,1,0,1,0,1,0,1,1,1,1,1,1,0,1,0,1,1,0,1,1,0,0,1,0,1,1,1,1,1,1,1,1,1,1,0,1,1,1,1,0,1,1,1,1,1,1,1,1,1,1,1,1,1,1,0,1,1,0,2,0,1,2,1,2,0,2,0,2,0,0,1,1,2,2,0,1,2,2,2,2,1,
1,1,1,1,1,1,1,1,0,1,1,0,0,1,1,1,0,1,1,1,1,1,0,0,1,1,0,0,1,1,1,0,1,1,1,0,1,1,1,0,0,1,2,2,1,0,0,2,2,2,0,2,2,2,1,1,0,2,1,0,0,2,1,2,0,1,2,2,1,1,1,1,1,1,1,1,0,1,1,1,1,0,1,0,1,1,1,1,1,1,1,1,1,0,1,1,0,1,0,1,1,1,1,1,1,1,0,1,0,0,1,1,0,0,1,1,1,1,1,1,1,1,1,0,1,0,1,1,1,1,1,1,1,1,1,2,2,2,2,1,2,2,1,1,0,1,2,1,0,2,1,2,0,0,2,2,2,1,1,1,
1,1,0,1,1,1,1,1,1,1,1,1,0,1,1,1,1,1,1,1,1,1,1,1,1,0,1,0,0,1,1,1,1,1,1,0,1,1,1,1,1,2,0,2,1,0,0,1,1,1,1,1,0,2,0,1,0,2,2,0,0,0,2,0,2,1,2,2,1,0,1,1,1,1,1,1,1,1,0,1,1,1,1,1,1,0,1,1,1,1,1,1,1,1,1,0,1,0,1,1,1,1,1,1,1,1,1,0,1,1,0,1,1,1,1,1,1,1,1,1,0,1,1,1,0,0,0,1,0,1,0,1,1,1,1,0,0,0,0,2,1,2,2,1,2,2,2,1,2,2,2,2,1,2,2,2,0,1,1,1,
1,1,1,1,1,1,1,1,1,1,1,1,0,1,1,1,1,1,1,1,1,1,1,0,1,0,1,1,1,1,1,1,1,1,0,1,1,1,1,1,1,1,2,2,1,1,0,1,2,1,0,2,2,1,2,1,1,0,2,2,2,2,1,0,2,2,1,2,1,0,0,1,1,1,1,1,1,1,1,1,1,1,1,1,1,1,1,1,1,1,1,1,1,1,1,1,1,1,1,1,1,1,1,1,1,1,1,1,0,1,1,1,1,1,1,1,1,1,1,1,0,1,1,0,1,1,0,1,1,1,1,1,1,1,1,2,2,1,2,1,1,0,2,1,1,1,0,2,1,2,0,0,2,1,2,1,2,0,0,2,
0,1,0,1,0,0,1,1,0,1,1,1,1,1,0,0,1,1,0,1,1,1,1,1,1,0,0,1,0,1,1,1,1,0,1,0,1,1,1,1,1,2,1,2,2,0,2,1,0,2,2,2,0,1,1,2,0,0,2,1,1,1,2,1,1,0,1,1,0,0,1,1,1,0,1,1,1,1,1,1,1,1,0,1,1,1,1,1,1,1,1,1,0,1,1,1,1,1,0,1,1,1,0,0,0,1,1,1,0,1,1,1,1,1,0,1,1,1,0,1,1,1,1,1,1,1,0,1,1,1,0,0,0,1,1,1,0,1,0,2,2,2,1,0,1,2,2,2,0,2,2,1,2,2,2,2,1,2,2,2,
1,1,1,1,1,1,1,1,1,1,1,1,1,1,1,1,1,0,1,1,1,1,0,1,0,0,1,1,1,1,1,0,1,1,1,0,1,1,1,1,1,0,0,2,2,2,1,1,1,1,2,2,2,2,0,2,1,2,2,1,2,2,0,2,0,2,0,2,2,1,1,1,0,1,1,0,1,1,1,0,1,1,1,0,1,1,1,1,1,1,0,1,1,0,1,0,1,0,1,1,0,1,1,1,1,1,1,0,0,1,1,1,1,0,1,1,1,1,1,1,1,1,1,1,1,1,1,1,1,1,1,1,1,1,1,2,2,1,1,2,2,2,0,2,1,2,1,1,2,1,1,2,0,0,1,1,2,1,1,1,
1,1,0,0,1,1,1,1,1,1,1,1,1,1,1,1,1,1,1,1,1,1,1,1,1,1,1,0,0,1,1,1,1,0,0,1,0,1,1,1,1,0,1,0,2,1,1,2,0,2,1,2,2,0,2,1,2,2,2,1,1,1,2,1,0,1,0,2,1,1,2,1,1,1,1,0,1,1,0,0,1,1,1,1,1,1,1,1,1,1,1,1,1,1,1,1,1,1,1,1,1,1,1,1,0,1,1,1,0,0,1,0,1,1,0,0,1,0,1,1,1,1,1,1,0,1,1,1,0,1,1,1,1,1,1,1,1,2,1,1,2,0,2,1,0,1,2,1,0,0,2,1,2,2,2,2,2,2,1,1,
1,1,1,1,0,1,1,1,0,1,0,0,1,1,1,0,1,1,1,1,1,1,0,1,1,1,1,1,0,0,1,1,1,1,0,1,1,1,0,1,0,2,2,1,0,1,2,1,1,2,2,2,1,2,1,0,2,0,1,0,1,1,1,0,0,1,1,0,0,1,1,1,1,1,1,1,1,1,1,1,1,1,0,1,1,1,1,1,0,1,1,1,1,1,1,1,0,1,1,1,1,1,1,1,1,1,1,1,1,1,1,1,1,0,0,0,1,1,1,1,1,1,0,1,1,1,1,1,0,1,1,1,1,1,1,2,1,2,1,2,1,0,2,0,0,2,1,2,2,1,1,2,0,2,1,2,2,1,1,1,
1,1,1,1,1,1,1,1,1,1,1,1,1,1,1,1,1,1,1,1,1,1,1,1,1,1,1,1,1,1,1,1,1,1,0,1,1,1,1,0,1,1,1,1,1,2,1,0,0,1,2,0,2,2,2,2,2,0,1,1,1,1,1,1,2,2,1,0,0,1,1,1,1,1,1,1,1,1,1,1,0,1,1,1,1,1,1,1,1,1,0,1,1,1,1,0,1,1,1,1,1,1,1,0,1,1,1,1,0,1,1,1,1,0,0,0,1,1,1,1,1,1,1,0,1,1,0,1,1,1,0,1,1,1,1,2,0,1,2,2,1,0,1,1,2,2,1,1,2,2,2,2,0,2,1,0,2,1,1,1,
0,1,1,1,1,1,0,1,1,1,1,1,1,1,1,1,1,1,1,1,1,1,1,1,1,1,1,1,1,0,1,1,1,1,1,1,1,1,1,1,1,2,1,2,1,1,1,1,1,2,1,1,1,1,1,1,1,1,1,2,1,2,1,2,2,2,2,1,0,2,1,1,1,1,1,1,1,1,1,1,1,1,1,0,0,1,1,1,1,0,1,1,1,1,1,1,1,1,0,1,1,0,1,1,1,0,1,1,1,1,0,0,1,1,1,1,1,1,1,0,1,0,1,1,0,1,1,1,1,1,1,0,1,0,1,0,2,1,0,1,1,1,2,0,2,1,0,0,2,1,1,2,0,1,2,2,1,0,0,2,
1,1,1,1,1,1,1,0,1,1,1,1,1,1,1,0,1,1,1,1,1,0,1,1,1,1,1,1,1,1,1,1,1,1,0,1,1,0,1,1,0,2,2,2,2,1,2,2,0,2,1,2,1,0,2,2,1,1,2,1,0,2,0,0,0,1,1,2,2,2,1,1,1,0,1,1,1,1,0,0,1,1,0,1,1,1,0,1,1,1,1,1,1,1,1,1,0,1,1,1,1,1,1,1,1,1,1,1,1,1,1,1,1,1,1,0,1,1,1,1,1,1,0,1,1,0,1,1,1,0,1,0,1,1,0,2,2,1,2,0,0,2,1,1,0,2,0,0,1,1,1,2,1,2,2,2,2,1,2,1,
0,1,1,0,0,1,1,1,1,1,1,1,1,1,0,1,1,1,1,1,0,1,1,0,0,0,1,1,1,1,1,1,1,1,0,1,1,1,1,1,1,1,0,2,2,2,0,2,1,1,2,1,1,2,0,0,2,2,1,1,2,2,2,0,1,1,2,2,2,2,0,1,1,0,1,1,1,1,1,1,1,1,0,1,0,0,1,1,1,1,1,1,1,1,1,1,0,1,1,1,0,1,1,1,1,1,1,1,1,1,1,0,1,1,1,1,1,1,0,1,1,1,0,0,1,1,0,1,0,1,1,1,1,0,1,0,1,2,0,0,1,1,0,1,1,1,2,1,1,1,0,2,2,0,0,1,1,1,2,1,
1,1,1,1,1,1,1,0,1,1,0,1,1,1,1,1,0,1,1,1,1,1,1,1,1,0,1,0,1,1,1,1,1,1,1,1,1,0,1,1,1,0,2,2,1,1,1,0,2,1,0,1,2,1,2,2,2,1,1,0,1,2,1,2,2,0,1,2,1,0,1,1,1,0,1,1,1,1,0,1,0,1,1,1,1,1,1,0,1,1,1,1,1,1,1,1,1,0,1,0,1,1,1,1,1,1,1,1,1,1,1,1,1,1,0,1,0,0,0,1,0,1,1,0,1,0,1,1,1,0,1,1,1,1,1,1,1,2,2,2,2,2,2,1,2,1,2,2,2,1,2,1,1,2,1,1,1,1,2,0,
1,1,0,1,1,0,1,1,1,1,0,1,1,1,1,0,1,1,1,1,1,1,1,1,1,1,1,1,1,1,1,1,1,1,0,1,1,1,0,1,1,1,2,2,2,2,1,1,1,1,1,2,1,2,2,1,2,1,2,2,1,0,2,1,1,2,2,0,1,1,2,1,1,1,1,1,1,1,0,1,1,1,1,0,1,1,1,1,1,1,1,1,1,1,1,0,1,1,0,1,1,1,1,1,1,0,1,0,1,1,0,1,1,1,1,1,1,1,1,1,1,1,1,1,1,1,1,1,1,1,1,1,1,0,1,1,0,1,1,2,1,2,1,2,1,0,2,2,2,1,2,1,2,1,1,0,2,2,2,0,
0,0,1,1,1,0,1,0,1,1,1,0,1,1,1,1,1,1,1,1,1,1,1,1,1,1,1,1,1,1,1,1,1,2,1,2,0,2,2,1,1,1,1,1,1,1,1,1,0,0,1,2,2,1,2,2,2,0,2,1,1,1,1,2,2,1,1,2,2,2,2,1,0,1,0,1,0,1,1,1,1,1,0,1,1,1,1,1,0,1,1,1,1,0,0,1,1,1,1,0,1,1,1,1,1,1,1,1,1,1,1,1,1,1,0,0,1,1,1,1,0,1,0,1,1,1,1,1,1,1,1,1,1,1,1,2,1,1,1,1,2,1,2,1,2,2,1,1,2,1,1,1,2,2,1,1,2,1,2,2,
1,1,1,1,1,1,1,1,1,1,1,1,1,1,1,1,1,1,1,0,1,1,1,1,0,1,1,1,1,1,1,2,2,2,0,0,1,1,0,1,2,1,2,1,0,1,1,2,0,2,2,0,1,2,1,0,1,2,2,1,1,1,1,2,1,2,1,2,1,1,2,1,0,0,1,1,0,0,0,1,1,1,0,1,1,0,1,1,1,1,0,1,1,1,1,1,1,1,0,1,1,1,1,1,1,1,1,0,0,1,1,1,1,1,1,1,1,1,1,1,1,1,1,0,1,1,1,0,1,0,1,1,0,1,1,1,2,2,1,2,0,2,0,2,0,1,2,2,0,0,1,2,1,1,2,1,2,1,2,2,
1,1,0,1,1,1,1,0,1,1,1,1,0,1,1,1,1,0,1,0,1,0,1,0,1,1,0,1,1,1,1,2,1,1,1,2,1,1,0,0,2,0,2,0,1,2,0,2,0,2,1,2,0,1,2,1,1,1,1,2,2,1,1,1,1,0,1,1,0,1,0,1,1,0,1,0,1,1,0,1,1,1,1,0,1,1,1,1,1,1,1,1,1,0,1,1,0,1,1,1,1,1,1,1,1,1,1,1,1,1,1,1,1,1,1,0,1,1,1,1,0,0,1,1,1,1,0,1,0,1,1,0,1,1,1,0,2,1,2,1,1,2,0,2,2,1,1,1,2,1,1,0,1,0,1,2,2,1,1,2,
1,1,1,1,0,1,1,0,1,1,1,0,1,1,1,1,1,1,1,1,1,1,1,1,1,0,1,1,1,1,1,0,1,0,2,1,0,1,2,2,2,1,0,2,2,2,1,0,1,2,1,1,1,2,2,1,1,0,1,1,1,1,1,1,1,1,1,1,0,1,1,0,1,0,1,0,1,1,1,1,1,1,0,1,1,1,1,1,1,1,1,1,1,1,0,1,1,1,1,0,1,1,1,1,1,1,1,0,1,1,1,1,0,0,1,1,0,1,1,1,1,0,1,1,1,1,0,0,1,1,1,1,1,1,1,0,1,1,1,0,1,1,0,1,1,1,1,1,1,1,1,1,1,1,1,1,1,0,0,1,
1,1,0,1,1,1,0,0,1,1,0,1,1,1,1,0,1,1,1,1,1,1,1,1,1,0,1,1,1,1,0,2,2,2,1,1,2,0,0,1,0,2,0,2,2,2,2,2,1,1,2,0,0,2,1,1,1,2,2,2,1,1,1,0,1,1,1,1,0,1,1,1,1,0,0,1,1,1,1,1,1,0,1,1,1,1,1,1,1,1,1,1,1,1,1,1,1,1,1,0,1,1,1,1,0,1,1,1,0,1,1,0,0,1,1,1,1,1,1,0,1,1,1,1,1,1,1,1,0,1,1,0,1,1,1,0,1,1,0,1,1,1,1,0,1,1,1,1,1,1,1,1,1,0,1,0,1,0,1,0,
1,1,1,1,1,1,1,1,0,1,1,1,1,1,1,1,1,1,1,1,1,1,1,1,1,1,1,1,1,1,1,2,1,1,1,2,0,2,1,2,2,1,2,0,2,2,1,1,2,1,1,0,1,1,0,1,2,1,2,0,0,1,1,1,1,1,1,1,1,1,1,1,1,1,1,1,1,1,1,1,1,1,1,0,1,1,0,1,1,1,1,0,1,0,1,1,1,1,1,1,1,1,0,1,1,1,1,0,1,0,1,1,1,1,1,1,1,1,0,1,1,1,0,1,1,0,1,1,0,1,1,1,1,1,1,1,1,1,1,1,1,1,0,1,1,1,1,0,1,1,1,0,1,1,1,1,1,1,1,1,
1,0,0,1,1,1,1,0,1,1,1,1,1,1,1,1,1,1,1,1,1,1,1,1,1,1,0,1,1,1,1,1,1,0,2,2,0,2,1,0,2,2,2,2,0,2,1,2,1,1,1,0,0,2,1,0,1,2,2,1,2,0,1,0,1,0,1,1,1,1,1,1,1,1,1,0,1,0,1,1,0,1,1,1,1,1,1,1,0,1,0,1,1,1,1,1,0,1,0,1,1,1,1,1,1,1,1,1,1,1,1,1,1,1,1,1,0,1,1,1,1,1,0,1,0,0,1,1,1,1,1,1,1,1,1,1,0,1,1,1,1,1,1,1,1,1,1,0,1,0,1,1,1,1,1,1,1,1,1,1,
1,1,1,1,1,0,1,1,0,1,0,1,0,1,1,1,1,1,1,1,1,1,0,0,1,1,1,1,1,1,0,2,1,1,1,2,0,1,1,0,1,1,0,2,1,0,0,1,2,2,2,1,2,2,2,0,1,1,1,2,0,1,1,1,1,1,1,1,0,0,1,1,1,1,1,0,0,1,1,0,0,1,1,1,1,1,1,1,1,1,1,1,1,1,0,1,1,1,1,1,1,0,0,0,1,1,1,1,1,0,1,1,1,1,1,0,1,1,1,0,1,0,1,1,1,1,1,1,1,0,1,1,1,1,1,1,1,0,0,1,1,1,1,1,1,1,1,1,1,1,1,1,1,0,1,1,1,1,1,1,
1,1,1,1,1,1,0,0,1,1,1,0,1,1,1,1,1,1,0,0,1,1,1,1,1,1,0,1,1,1,1,2,2,1,0,1,0,1,0,0,2,1,0,1,0,2,0,0,2,0,1,2,1,1,2,2,2,0,0,1,1,1,1,1,0,1,1,1,1,0,1,0,1,1,1,1,1,1,1,1,0,1,1,1,1,1,1,1,1,0,1,1,1,1,1,0,0,1,1,1,1,1,1,0,0,1,1,0,1,1,1,1,1,1,1,1,1,1,1,1,1,1,1,1,1,0,1,1,0,1,1,1,1,1,1,0,0,1,1,1,1,1,1,1,1,0,1,0,1,1,1,1,1,1,1,1,1,0,0,1,
1,1,1,1,1,1,1,1,1,1,0,1,1,0,1,1,0,1,1,1,1,1,1,0,1,1,1,1,1,1,1,2,2,1,2,2,0,2,2,2,2,1,2,1,2,0,2,2,2,2,1,2,1,2,0,0,2,2,1,1,2,0,1,1,1,0,1,1,1,1,1,1,1,1,1,1,1,1,1,0,1,1,1,1,1,1,1,0,1,0,1,1,1,1,1,1,0,0,1,1,0,1,1,1,0,0,1,1,1,1,0,0,0,1,1,1,1,1,1,1,1,1,1,0,0,1,1,1,1,1,1,1,0,1,1,1,0,0,1,1,1,0,1,1,1,1,1,1,1,1,1,1,1,1,0,1,1,1,1,1,
1,0,1,1,1,1,1,1,1,1,0,0,1,1,1,1,1,1,1,1,1,0,1,1,0,1,0,1,1,1,1,1,1,0,2,2,2,1,0,1,0,2,1,1,2,1,2,1,1,1,1,2,2,1,1,2,2,2,1,2,1,1,1,1,0,0,1,0,1,1,1,1,1,1,0,0,1,1,1,1,1,1,0,1,1,1,0,1,1,1,0,1,1,1,1,0,1,1,1,1,0,0,1,1,1,1,1,1,0,1,1,1,1,0,0,1,1,1,1,0,0,1,1,1,1,1,1,1,1,0,1,0,1,1,0,1,1,1,0,1,1,1,1,1,1,1,1,1,1,1,1,1,0,1,1,0,1,1,1,1,
1,1,1,1,1,1,1,1,0,1,1,1,1,1,1,1,1,1,1,1,0,1,1,1,0,1,0,1,1,1,1,2,1,2,1,0,0,0,1,0,2,2,1,1,0,1,0,1,2,1,2,1,0,0,2,2,0,1,1,2,1,1,1,1,1,1,1,1,1,1,1,1,1,1,1,1,1,1,0,1,1,1,1,1,1,1,1,1,1,0,1,1,1,0,0,1,1,1,1,1,1,0,1,1,1,1,1,1,1,0,0,0,1,1,0,1,1,0,1,1,1,1,1,1,1,1,1,0,1,1,0,1,1,1,1,1,0,1,1,1,0,1,0,1,1,0,0,1,1,1,0,1,1,1,0,1,1,1,1,1,
0,0,0,1,1,0,1,1,1,0,1,1,1,1,1,1,0,1,1,0,1,1,1,1,0,1,1,1,1,1,1,2,1,2,0,2,0,0,1,1,2,2,2,1,2,2,0,1,1,0,0,2,1,2,2,2,1,1,0,1,1,0,1,1,1,1,1,1,0,0,1,1,1,1,1,1,1,1,1,1,0,0,1,1,1,1,1,0,1,1,1,1,1,1,1,1,0,1,1,1,1,1,1,1,0,0,1,0,1,1,1,1,0,0,1,1,1,1,1,1,0,0,1,1,1,0,1,1,1,1,1,1,1,1,1,1,1,1,0,1,0,1,0,1,1,1,1,1,1,1,1,1,1,1,1,1,1,1,1,1,
1,1,1,1,0,1,1,1,1,1,1,1,1,0,0,1,1,1,1,1,1,1,1,1,0,1,1,1,1,1,0,2,1,0,2,2,2,2,1,1,1,1,2,2,1,1,2,1,1,1,1,1,1,1,2,1,2,1,0,1,0,1,1,1,1,1,1,1,0,1,1,1,1,1,1,1,1,1,1,1,1,0,1,0,0,1,1,1,1,1,1,1,1,1,1,1,1,1,1,1,1,1,1,0,1,0,1,0,1,0,1,1,0,1,1,1,1,1,1,1,1,1,1,1,1,1,0,1,1,1,1,1,1,1,1,1,0,1,1,1,1,1,1,1,1,1,0,1,1,1,1,1,1,0,1,0,1,1,0,0,
1,1,1,1,1,1,1,1,0,1,1,1,1,1,0,1,1,0,0,1,1,1,1,0,1,1,1,1,1,0,1,1,1,1,0,1,1,1,2,2,2,0,0,2,2,2,2,1,1,2,2,2,0,2,2,1,2,0,2,1,0,0,1,1,1,0,1,1,1,1,1,1,1,1,1,1,1,1,1,0,1,1,0,1,1,1,1,1,1,1,1,0,1,1,0,1,1,1,1,1,0,0,1,0,1,1,1,0,1,1,1,0,1,1,0,0,1,0,1,1,1,1,1,1,1,1,1,1,1,1,1,1,1,1,0,1,1,1,1,1,0,1,1,1,1,1,0,0,1,1,1,0,1,1,1,0,1,1,1,1,
1,1,1,1,1,1,1,0,0,1,1,1,1,1,1,1,1,0,1,1,1,1,0,1,0,1,1,1,1,1,1,1,0,1,1,2,0,2,0,1,2,2,2,2,0,0,1,0,2,2,2,1,1,1,2,1,1,2,1,0,1,1,1,1,1,1,1,1,1,1,1,1,1,1,0,0,1,0,0,1,1,0,0,1,1,1,1,1,1,1,1,0,1,1,1,0,1,1,1,1,1,1,1,1,0,1,1,1,1,1,1,1,1,1,1,1,1,1,1,1,1,0,1,0,1,0,1,0,1,1,1,1,1,1,1,1,1,0,1,1,1,0,0,0,0,1,1,1,1,1,1,1,1,1,1,0,1,1,0,0,
1,1,1,1,1,0,1,1,1,1,0,1,1,0,1,1,0,1,1,1,1,1,1,1,1,0,1,0,0,1,1,2,1,1,1,2,2,2,2,2,0,0,0,2,2,0,1,1,1,2,0,0,1,2,2,1,2,2,2,1,0,0,1,1,1,1,1,1,1,1,1,1,0,0,1,1,1,0,1,1,1,1,0,1,1,0,1,1,1,1,0,1,1,1,1,1,0,1,1,1,1,1,1,0,0,1,1,1,1,1,1,1,1,1,1,1,1,1,0,1,0,0,1,1,0,1,1,1,0,1,1,1,1,1,1,1,1,1,1,1,0,1,1,1,1,1,1,1,1,1,1,1,1,1,1,1,1,1,1,1,
1,1,1,1,1,1,1,1,1,1,0,1,1,1,1,1,1,0,1,0,1,1,1,1,0,0,1,1,1,1,1,1,1,1,2,1,2,0,0,2,2,1,1,2,0,1,1,2,1,2,2,1,1,2,1,2,1,0,1,2,2,0,1,1,0,1,1,1,1,1,0,1,1,1,1,1,0,1,0,0,0,1,1,1,1,0,1,1,1,1,1,1,1,1,0,0,1,1,1,1,1,1,1,1,1,1,0,1,1,1,1,1,1,1,1,1,1,1,1,1,1,1,1,0,1,1,1,1,1,1,1,1,1,0,1,1,1,1,1,1,1,1,1,1,1,0,1,0,0,0,1,1,1,1,1,1,0,1,1,0,
1,1,1,1,1,0,1,1,1,1,1,1,1,1,0,1,0,0,1,0,1,1,1,0,1,1,1,1,1,1,1,1,1,0,1,2,0,2,2,1,1,0,0,0,0,2,1,1,2,1,1,0,2,2,1,2,1,2,0,1,1,1,1,0,1,1,0,1,0,0,1,1,1,1,1,1,1,1,1,1,1,1,1,1,1,0,1,1,1,1,1,1,1,0,1,0,1,1,1,1,1,1,1,1,1,1,1,1,1,1,1,1,1,1,1,1,1,1,1,0,0,0,0,0,1,1,1,1,1,1,1,1,1,0,1,1,1,1,1,1,1,1,1,0,1,0,0,1,0,0,1,1,1,1,1,1,1,0,1,1,
1,0,1,1,1,1,0,1,1,0,0,1,1,1,1,1,1,1,1,0,0,0,1,0,1,1,1,1,1,1,0,2,0,1,2,0,2,2,2,2,0,0,2,2,2,1,1,1,1,1,1,1,1,1,2,2,2,1,1,1,1,1,1,1,1,1,0,1,1,1,1,0,1,1,1,1,1,0,0,1,1,1,1,1,1,1,1,1,1,0,1,0,1,0,1,1,1,0,0,1,1,1,1,1,1,1,1,1,1,0,1,1,0,0,1,1,1,1,1,0,1,0,1,1,1,0,0,1,1,1,1,1,0,1,1,1,0,0,0,1,1,1,1,1,1,0,1,1,1,1,1,1,1,1,1,1,1,1,0,1,
1,1,1,1,1,1,1,1,1,1,1,1,1,1,1,1,0,1,1,1,1,1,1,0,0,1,1,1,1,1,1,1,1,2,0,1,2,1,1,1,2,0,1,1,2,0,2,2,1,0,0,2,1,1,2,2,2,2,2,2,1,1,1,1,0,1,1,0,0,1,1,1,1,1,1,0,1,1,1,1,1,1,1,0,1,1,1,0,1,1,1,0,1,1,1,1,1,1,1,1,1,1,1,1,1,1,1,1,1,1,1,0,1,1,1,1,0,0,1,1,1,1,1,1,0,0,1,1,1,1,1,1,0,1,1,0,1,1,1,0,1,1,1,1,1,1,1,0,1,1,1,1,1,0,1,1,0,1,1,1,
1,1,1,1,1,1,1,1,1,1,0,1,1,1,1,1,0,1,1,1,1,1,1,1,1,1,1,1,1,1,0,1,2,2,1,2,1,1,1,1,2,1,1,1,1,1,2,1,1,2,1,2,1,2,1,1,2,0,2,1,2,1,1,1,1,1,1,0,0,1,1,1,1,1,1,1,1,0,1,1,1,1,1,1,1,0,1,1,1,1,1,1,1,0,1,1,0,0,0,1,1,1,1,1,1,1,1,1,1,1,0,1,0,0,1,1,1,1,1,1,0,1,1,1,1,1,1,0,1,1,1,1,1,0,1,1,1,1,1,1,1,1,1,0,1,1,1,1,1,1,1,1,1,1,1,1,0,0,1,1,
1,0,1,1,1,1,1,0,1,1,1,0,1,1,1,1,1,1,1,1,1,1,0,1,0,1,1,1,1,1,1,2,1,1,0,1,2,2,0,1,1,0,1,1,1,0,2,1,2,2,1,1,1,2,0,2,1,2,1,2,2,1,1,1,1,1,1,1,1,1,1,1,1,1,1,0,1,1,1,0,1,1,1,0,1,1,1,1,1,1,1,0,1,1,1,1,1,1,1,1,1,1,1,1,1,0,1,1,1,1,0,1,1,1,1,1,1,1,0,1,1,1,0,0,0,1,1,1,0,1,1,1,1,0,1,0,1,1,1,1,1,0,1,1,1,1,1,1,1,1,1,1,1,1,1,0,1,1,1,1,
1,1,0,1,1,1,1,1,1,0,1,1,1,1,1,1,1,1,1,1,0,0,1,1,1,0,1,1,1,0,1,2,1,2,1,1,2,2,2,0,1,0,1,1,2,0,0,0,0,2,2,2,1,1,1,1,1,2,1,2,1,1,1,1,1,1,1,1,0,1,1,1,1,1,1,1,0,1,1,1,1,1,1,1,1,1,1,1,1,1,1,0,1,1,1,1,1,1,1,1,1,1,1,1,0,1,1,1,1,1,1,1,1,1,1,1,1,1,1,1,1,1,1,1,0,1,1,1,1,0,1,1,1,0,1,0,1,1,1,1,1,0,0,0,1,1,0,1,1,0,1,0,0,1,1,1,1,1,1,1,
1,1,1,1,1,1,1,1,0,1,1,0,0,1,1,1,1,1,0,1,1,0,0,1,1,1,1,0,1,1,0,0,2,1,1,0,1,1,2,1,2,1,1,2,1,0,1,1,0,1,1,1,1,0,1,2,2,1,2,2,1,1,1,1,1,1,1,1,0,0,1,0,1,1,0,1,1,1,1,1,1,1,0,1,1,1,1,1,1,1,1,0,1,1,1,1,1,1,1,1,1,1,1,0,1,1,1,1,1,1,1,1,1,1,1,1,1,1,1,1,1,1,0,1,1,1,1,1,1,1,1,1,1,0,1,1,0,1,1,1,1,1,1,1,0,0,1,1,1,1,1,1,1,0,1,1,0,1,1,1,
1,1,1,1,0,1,1,1,0,1,1,0,0,1,1,1,1,1,1,0,0,1,1,0,0,1,1,1,1,1,1,1,1,0,0,2,1,1,1,1,1,2,1,0,2,2,0,1,2,1,0,1,2,1,1,1,1,1,2,1,1,0,1,0,1,1,1,0,1,1,1,0,1,1,1,1,1,1,1,0,1,0,0,1,1,0,0,1,0,0,1,1,1,1,0,1,0,1,1,1,1,1,1,0,1,1,1,1,0,1,0,0,0,0,1,1,1,1,1,1,1,1,1,1,1,1,1,0,1,1,0,0,1,1,1,1,1,1,0,1,1,1,1,0,1,0,1,1,0,0,1,1,1,0,1,1,1,1,0,0,
1,1,0,1,1,1,1,1,1,1,0,1,1,1,0,1,1,1,1,0,0,1,1,1,1,1,1,1,1,1,1,1,2,2,1,2,2,2,2,1,0,0,0,0,2,1,0,0,2,2,1,1,0,1,2,1,2,1,2,2,1,1,1,1,1,1,1,1,0,0,1,1,1,1,0,1,1,1,1,1,1,1,0,1,1,1,0,1,1,0,0,1,0,1,1,1,1,1,0,0,1,1,1,1,1,0,1,1,1,1,1,1,1,1,1,0,1,0,0,0,0,1,0,0,1,0,1,1,1,0,1,1,1,1,1,0,1,1,0,1,1,1,0,1,1,1,1,1,1,1,1,1,1,0,1,1,1,0,1,1,
1,1,1,1,1,1,1,1,0,2,1,2,2,1,1,2,1,0,2,1,0,2,1,2,2,1,1,0,0,1,1,2,0,2,2,2,0,1,1,1,2,2,2,1,2,2,1,2,0,0,1,0,1,1,2,2,1,2,1,2,1,1,1,1,1,1,1,1,0,1,1,1,1,1,1,1,1,1,1,1,1,1,1,1,1,1,1,1,0,1,0,0,1,1,1,1,1,1,1,1,1,1,1,1,1,1,1,1,1,0,1,1,1,0,1,1,1,1,1,1,1,1,1,1,1,1,1,0,0,1,1,1,1,1,1,1,1,0,1,1,1,1,1,0,1,1,1,1,0,1,1,1,1,1,1,1,1,1,1,1,
1,0,0,1,0,1,1,1,2,2,0,1,2,0,1,1,2,1,0,2,1,0,2,1,1,0,1,1,0,1,2,1,2,2,1,2,2,1,2,2,1,1,2,2,0,2,0,2,1,2,1,0,0,2,2,1,1,0,2,1,1,0,1,1,1,1,1,1,0,1,1,1,1,1,1,1,1,1,1,1,1,1,1,1,1,1,1,0,1,1,1,1,1,1,1,1,1,1,1,1,1,1,1,1,1,1,1,1,1,1,1,1,1,1,1,1,1,0,1,1,1,1,1,1,1,1,1,1,0,1,1,1,1,1,1,1,1,1,1,1,1,0,1,1,1,1,1,1,1,0,1,1,1,1,1,1,1,1,1,1,
1,1,1,1,1,0,1,1,1,2,0,2,2,1,2,2,1,2,2,0,0,0,1,1,1,1,0,2,1,0,1,2,2,0,1,0,1,2,1,2,2,2,0,2,1,2,1,2,1,1,1,0,1,1,2,1,0,1,0,2,1,0,1,1,1,1,1,1,1,1,1,0,1,1,1,1,1,1,1,1,0,1,1,1,1,1,1,1,1,1,1,1,1,1,0,1,1,1,1,1,0,1,1,1,1,1,1,1,1,1,1,1,1,1,1,1,1,1,1,1,1,1,0,1,1,1,0,1,1,1,1,1,1,1,1,1,0,1,1,1,0,1,0,1,1,1,0,0,1,0,1,1,0,1,1,1,1,0,1,1,
0,1,1,1,1,0,1,2,1,2,0,0,0,2,2,1,1,1,2,2,1,2,1,1,1,2,1,1,2,1,2,1,0,0,0,1,1,1,1,1,1,1,1,1,1,0,1,0,1,1,1,1,1,1,1,1,1,0,1,1,1,1,1,1,1,1,1,1,1,1,1,1,1,1,1,1,1,1,0,1,1,1,1,1,0,1,1,1,1,1,1,1,1,1,1,1,1,1,1,1,1,1,1,1,1,1,1,1,1,1,0,1,1,0,1,1,1,1,1,1,1,1,1,1,1,1,1,1,0,1,1,1,1,1,0,1,1,1,1,1,1,1,1,1,1,1,0,0,0,1,1,1,0,1,0,1,1,1,1,1,
0,1,1,1,1,1,1,0,1,1,2,2,2,2,2,1,2,1,0,2,1,2,2,1,2,2,0,2,1,2,1,2,2,2,1,1,0,1,1,1,1,0,1,1,1,1,1,1,0,1,1,1,0,0,1,1,1,1,1,0,1,1,0,1,1,1,0,1,1,1,1,1,1,0,1,0,1,0,1,1,1,1,1,1,1,1,1,1,1,0,0,1,1,0,1,1,0,1,0,1,1,1,1,1,1,1,1,0,1,1,1,0,1,0,1,0,1,1,1,1,1,1,1,1,0,1,1,1,1,1,1,1,0,1,0,1,0,1,1,1,0,1,1,1,0,1,1,1,1,0,0,0,1,0,1,1,1,1,1,1,
1,1,1,1,1,1,1,2,0,2,0,1,1,0,1,0,0,2,2,2,0,0,2,1,2,2,1,2,0,2,2,1,2,2,2,1,2,1,0,1,1,1,1,1,1,0,1,1,1,1,1,1,1,1,0,1,0,0,1,1,0,0,1,1,1,1,1,1,1,0,1,1,1,1,0,1,1,1,1,1,1,1,1,0,1,0,1,1,0,1,0,1,0,1,0,1,1,1,1,1,1,1,1,1,1,1,1,1,1,1,1,0,1,1,1,1,1,0,1,1,0,1,1,1,1,1,1,0,1,1,1,1,0,0,1,1,0,1,1,1,1,1,1,1,1,1,1,1,1,1,1,1,1,0,1,1,1,1,0,1,
1,1,1,1,0,0,1,2,2,1,1,1,1,1,0,0,0,0,1,2,2,2,1,2,2,0,0,1,2,1,2,1,1,2,0,2,2,1,0,1,1,0,1,1,1,1,1,1,1,1,0,1,1,1,1,1,1,1,1,1,1,1,0,1,0,1,1,1,1,1,1,1,1,1,1,1,1,1,1,1,1,1,1,1,1,1,0,1,1,1,1,1,1,1,1,1,1,1,1,1,1,1,1,1,1,1,1,1,1,1,0,1,1,1,0,0,1,1,0,1,1,1,0,1,0,1,1,1,0,1,1,1,1,1,1,1,0,1,1,1,1,1,1,0,1,0,1,1,1,1,1,1,1,1,1,1,1,0,1,1,
1,1,1,1,1,0,1,2,1,1,2,1,2,1,2,1,2,2,2,2,2,2,1,2,2,2,1,1,2,2,1,1,2,2,1,2,0,0,1,1,1,1,1,1,1,1,1,0,0,1,0,1,0,1,1,0,0,1,1,0,1,1,1,1,1,1,0,1,1,1,1,1,0,1,0,1,1,1,1,1,1,1,1,1,0,1,1,1,1,0,1,1,1,1,1,1,1,0,1,1,1,0,0,0,1,0,1,0,1,0,1,0,1,1,1,1,1,1,1,1,1,1,1,1,1,0,1,1,1,1,1,1,1,1,1,1,1,1,1,1,1,1,1,1,1,1,1,0,0,1,1,1,1,1,1,1,1,1,1,1,
1,0,1,1,1,1,1,1,1,2,1,0,1,1,2,2,1,2,2,1,1,1,0,2,1,0,1,1,2,1,2,2,0,2,2,1,1,1,1,1,1,1,1,0,1,0,1,1,0,1,1,1,1,1,0,1,1,1,1,1,1,1,1,1,1,1,1,1,0,0,1,1,1,0,1,1,1,0,0,1,1,1,1,1,1,1,1,0,0,1,1,1,1,1,1,1,1,1,1,0,0,1,1,1,1,1,1,1,1,1,1,1,1,1,1,1,1,1,1,0,1,0,1,1,1,1,0,1,1,1,1,1,0,1,1,0,1,1,1,1,0,0,1,1,0,1,1,1,1,1,1,1,0,0,1,1,1,0,1,1,
1,0,0,1,1,1,0,1,2,2,1,1,1,1,2,1,2,2,1,1,2,1,1,1,2,2,2,0,1,1,2,1,0,1,0,2,1,1,1,1,0,1,1,1,1,0,1,1,1,0,0,1,1,1,1,1,1,1,1,1,0,1,1,1,1,1,1,1,0,1,1,0,1,1,1,1,1,1,1,1,1,0,1,1,1,1,0,1,1,0,1,1,1,1,1,0,1,1,1,1,1,1,1,1,0,1,1,1,1,1,1,0,1,1,1,1,1,1,0,0,1,1,1,1,1,1,1,1,1,0,1,1,1,1,1,1,1,1,1,0,1,1,1,1,0,1,1,1,1,1,0,0,1,1,1,1,1,1,1,1,
1,1,1,1,1,0,1,2,1,2,1,2,1,1,1,2,0,1,0,2,0,1,1,0,1,0,1,2,2,1,0,1,2,2,0,1,1,1,1,1,1,0,1,1,1,1,1,1,1,1,1,0,0,1,1,0,1,1,1,1,1,1,1,0,1,1,1,1,0,1,0,0,1,1,0,1,1,1,1,1,1,1,1,1,0,0,1,1,1,1,0,1,1,1,1,1,1,0,1,1,1,1,1,0,1,1,1,0,1,1,1,1,1,1,1,1,1,1,1,1,1,1,0,1,1,0,1,1,0,1,1,1,1,1,1,1,1,1,1,1,1,1,1,0,0,1,0,0,1,1,1,1,1,1,1,1,1,1,1,0,
0,1,1,1,1,1,1,1,2,0,0,2,2,1,2,2,1,1,1,0,2,2,2,0,2,2,1,2,0,1,0,0,0,1,1,1,1,1,1,0,1,1,0,0,0,1,1,0,1,1,1,1,0,1,1,0,0,1,1,1,1,1,1,1,0,0,1,0,1,1,1,1,1,1,0,0,1,1,1,0,1,1,1,1,1,1,0,1,1,1,1,0,0,1,1,1,1,1,0,1,0,1,1,1,1,1,1,1,1,1,1,1,1,1,1,1,1,1,1,1,1,0,0,1,1,0,0,1,1,0,0,0,1,0,0,0,1,1,1,0,1,1,1,1,1,0,0,1,1,0,1,1,1,1,1,1,1,1,1,0,
0,1,1,1,1,1,1,1,1,1,0,1,2,2,2,2,2,2,2,1,2,1,0,0,1,2,2,1,2,1,2,1,2,2,0,1,1,1,1,1,1,0,1,1,1,1,1,1,1,1,1,1,1,0,1,1,0,1,1,1,0,1,1,1,1,1,0,0,1,1,1,0,0,1,0,1,1,1,0,1,1,1,1,1,1,1,1,1,1,1,1,1,1,1,0,1,0,1,1,0,1,1,1,1,1,0,1,1,1,1,0,0,0,1,0,1,1,0,1,1,0,1,1,1,1,1,1,0,1,1,1,1,1,0,1,1,0,1,1,1,1,1,1,1,1,1,1,1,1,1,1,1,1,0,1,1,1,0,1,1,
0,0,1,1,0,1,0,0,1,2,2,2,1,1,2,1,0,2,2,1,1,2,2,0,1,1,1,2,0,0,1,1,2,0,1,1,2,1,0,0,0,1,0,0,0,1,1,0,1,1,1,1,1,1,1,1,1,0,1,1,0,1,1,1,0,1,0,0,0,0,1,1,1,1,1,1,0,1,1,1,1,1,1,0,1,1,1,0,1,1,1,1,1,0,1,1,1,1,1,1,1,1,1,1,1,1,1,1,1,1,1,1,0,1,0,1,1,1,1,1,1,0,1,1,1,1,1,1,1,1,1,1,1,1,0,1,1,1,1,1,1,1,1,0,1,1,1,1,1,0,1,0,1,1,1,1,1,1,1,1,
1,1,1,1,1,0,1,1,0,1,2,1,1,2,2,1,0,1,2,0,2,2,1,0,1,0,2,0,1,2,1,2,0,1,1,2,2,1,1,1,0,0,1,1,1,1,1,1,1,1,0,1,0,1,0,0,1,1,1,1,1,1,1,1,1,0,1,0,0,1,1,1,1,1,1,1,1,1,0,1,1,1,1,1,1,1,1,0,1,0,0,0,0,1,0,1,0,1,1,0,1,1,1,1,1,1,1,1,1,1,1,1,1,1,1,1,1,1,1,1,1,1,0,1,1,1,1,1,1,1,1,1,0,0,1,1,0,1,0,1,1,1,1,1,1,0,1,1,1,1,0,1,1,1,1,1,1,1,1,1,
0,1,0,1,1,0,0,1,2,1,2,1,1,1,1,2,0,1,1,0,0,2,2,0,1,2,2,2,1,2,2,1,2,0,1,1,2,1,1,1,1,1,1,1,1,1,1,1,0,1,1,0,0,1,1,1,1,0,1,1,1,1,1,1,1,1,1,1,1,1,1,1,1,1,0,1,1,1,1,0,1,1,0,1,1,1,1,1,1,1,1,1,0,1,1,0,0,1,1,1,1,1,1,1,1,1,1,0,1,1,1,1,1,1,1,0,1,1,0,1,1,1,0,1,1,0,0,1,1,0,1,1,1,1,1,1,1,1,1,1,1,1,1,0,1,1,0,0,1,1,1,0,0,0,1,1,1,1,1,1,
1,1,1,1,1,1,1,2,0,0,1,0,2,1,2,2,2,1,1,1,1,1,0,2,2,1,2,0,2,0,0,0,2,1,1,1,1,1,0,1,1,1,1,1,1,1,1,0,1,0,1,1,1,0,1,1,1,1,0,1,1,1,1,1,1,1,0,1,1,1,1,1,0,1,0,1,1,0,1,0,1,1,1,1,1,1,0,1,1,1,1,1,1,1,1,0,1,1,1,0,1,1,1,0,1,1,1,1,1,0,1,1,0,0,1,1,1,1,1,1,0,1,1,1,1,1,1,1,1,1,0,1,1,1,1,1,1,1,1,1,0,1,1,1,1,0,1,1,1,1,1,1,0,1,1,0,1,1,1,1,
1,0,1,0,1,1,1,1,1,1,1,2,2,2,1,1,1,2,2,0,2,1,1,1,2,0,1,2,2,0,1,0,1,2,1,1,2,1,1,0,1,1,1,1,1,1,1,1,1,1,1,1,1,1,1,1,1,1,0,1,1,1,1,1,1,1,1,1,0,1,1,1,1,1,0,1,1,1,1,1,1,1,1,0,1,1,1,1,0,1,1,1,1,1,1,1,1,1,0,1,0,1,0,1,1,1,1,1,1,1,1,1,1,0,0,1,1,0,0,1,1,1,1,1,1,1,1,1,1,0,1,1,0,1,1,1,1,1,0,1,1,1,0,1,0,1,1,0,1,1,1,1,1,1,0,1,0,1,1,1,
1,0,1,1,1,1,1,1,2,2,1,1,2,1,1,1,2,1,2,0,1,2,1,0,2,1,2,0,1,2,1,1,1,1,2,2,2,1,1,1,0,1,1,1,1,1,1,1,0,1,1,0,1,1,0,1,1,1,1,1,1,1,1,1,1,1,1,1,1,1,1,1,1,1,1,0,1,1,1,1,1,1,1,1,1,1,1,1,1,1,1,1,1,1,1,1,1,1,1,1,1,1,1,0,1,0,1,0,1,0,1,1,1,1,1,1,1,1,0,1,1,1,1,0,0,1,1,1,0,1,0,1,1,0,1,1,1,1,1,1,1,1,1,1,1,1,1,1,1,1,0,1,0,1,1,1,0,0,1,1,
1,1,1,1,1,0,1,2,0,2,1,2,2,1,1,0,2,0,0,1,2,1,1,1,0,1,1,1,1,2,1,1,0,0,0,1,2,1,1,0,0,1,1,0,1,1,1,1,1,1,1,1,0,1,1,1,1,1,1,1,1,1,1,1,1,1,0,0,0,0,1,1,1,1,1,0,1,1,1,1,1,0,1,1,1,1,0,1,0,1,1,1,1,1,1,1,1,1,0,1,1,1,1,1,1,1,1,1,1,0,1,1,1,0,1,1,1,1,0,1,1,1,1,1,1,1,0,1,1,1,1,1,1,1,1,1,1,1,1,1,1,1,1,1,1,1,1,1,1,1,1,1,0,1,1,0,1,0,1,1,
1,1,0,1,1,1,1,0,1,0,2,1,2,2,2,1,1,1,2,0,0,2,1,1,1,1,1,1,2,1,1,0,2,0,2,1,2,1,1,0,1,1,1,1,1,1,1,1,1,1,0,1,1,1,1,1,1,1,1,0,1,0,1,0,1,0,0,1,1,1,1,1,1,1,1,0,1,1,1,1,1,1,1,1,1,1,1,1,1,0,1,1,1,1,1,1,1,1,1,1,1,1,1,1,1,1,1,1,1,0,0,0,0,1,1,1,1,1,1,1,1,1,1,1,0,0,0,1,1,1,1,1,1,0,1,1,1,1,0,1,1,0,1,2,1,0,1,0,1,1,2,2,2,1,2,1,2,1,2,0,
1,1,1,1,1,1,1,2,0,0,2,2,0,1,1,1,2,1,1,1,1,1,0,2,2,2,2,2,1,1,2,1,2,2,1,1,2,1,1,1,1,1,1,0,1,1,1,1,1,1,1,1,0,0,1,1,1,1,1,1,1,1,1,1,1,1,1,1,1,0,1,1,1,1,1,1,1,1,1,0,1,1,1,1,1,1,0,1,1,1,1,1,1,1,1,1,1,1,0,1,1,0,1,1,1,1,1,1,1,1,1,1,1,1,0,0,1,1,0,1,0,0,1,1,1,1,1,1,1,1,1,1,1,1,1,1,0,1,2,1,1,2,0,1,2,0,0,1,1,1,1,2,1,2,1,1,0,1,2,2,
0,1,1,1,1,1,1,2,1,2,2,1,1,1,0,2,2,1,2,1,2,1,0,1,1,1,0,2,2,1,1,2,1,0,0,1,0,1,1,1,0,1,1,0,0,1,0,1,1,0,1,1,1,1,0,1,0,1,1,1,1,1,1,0,1,1,1,1,1,1,1,1,1,1,0,1,1,1,1,1,1,1,1,1,1,1,1,1,1,1,1,1,1,1,1,0,1,1,1,1,1,0,1,0,1,0,1,1,1,1,1,0,1,1,1,1,1,1,1,1,1,0,1,0,1,1,1,1,1,1,0,1,1,0,2,2,1,1,0,1,1,1,1,2,2,1,0,1,0,2,2,2,1,0,1,2,1,1,2,1,
1,1,0,1,1,1,1,1,2,2,2,0,2,2,0,0,2,1,1,2,0,2,2,0,2,2,1,1,2,1,1,2,1,1,2,0,2,1,1,1,0,1,1,0,1,0,1,1,1,0,1,0,1,0,1,0,1,0,1,0,1,1,1,0,1,1,1,1,1,1,1,1,1,2,0,2,2,2,2,2,2,1,1,2,0,2,1,1,0,2,2,2,1,1,2,1,1,2,1,0,1,1,1,1,1,0,1,1,1,1,0,1,1,0,1,1,1,0,1,1,0,1,1,1,1,0,0,0,0,1,1,1,1,1,0,0,2,2,1,1,1,1,2,1,1,0,2,2,2,1,2,1,0,1,2,1,1,0,2,2,
0,1,1,1,1,1,1,0,0,1,0,1,0,0,1,2,0,1,0,1,0,0,1,0,2,1,1,1,2,0,2,0,2,2,1,2,2,0,1,0,1,1,1,1,0,0,1,0,1,1,1,1,1,1,1,1,1,1,1,0,1,1,1,0,0,1,1,1,0,1,0,0,2,1,2,1,1,2,1,2,1,2,1,2,1,2,1,1,0,2,2,1,1,0,2,1,1,2,1,2,2,2,1,1,1,1,1,1,1,1,1,1,0,1,1,0,1,1,1,1,1,0,1,1,1,1,1,1,1,0,1,1,1,1,1,1,2,2,1,2,0,0,1,1,1,2,1,2,2,2,2,1,1,2,1,1,2,2,2,2,
0,1,1,1,1,1,0,2,1,1,0,1,1,1,1,2,2,2,2,2,2,2,2,1,0,2,2,1,1,1,1,2,1,2,1,0,0,1,1,1,1,0,1,0,0,0,1,1,1,1,1,1,1,1,1,1,1,0,0,1,1,1,1,1,1,1,0,1,1,1,0,1,1,2,1,0,2,0,2,1,0,1,1,1,2,1,1,1,2,2,1,1,1,2,1,2,1,2,2,2,0,1,1,1,1,1,1,1,1,1,0,1,1,1,1,1,1,1,1,0,1,1,1,1,1,1,0,1,1,0,1,1,1,1,1,1,1,0,2,1,2,2,2,0,0,2,1,1,0,2,2,1,1,1,2,2,2,1,2,2,
1,1,1,0,1,1,1,2,2,2,1,1,0,0,1,0,2,2,2,1,2,1,1,2,0,2,2,1,2,2,0,1,1,2,2,2,2,1,1,1,0,1,1,1,1,1,1,1,1,0,1,1,1,1,1,0,1,1,0,1,1,1,1,1,1,0,1,1,1,0,1,1,0,1,0,0,1,2,2,2,1,1,1,0,0,1,1,2,2,1,2,1,2,1,2,2,0,2,1,1,2,2,1,0,1,0,1,1,1,0,1,1,1,1,0,1,1,1,0,1,1,1,0,1,1,1,1,0,1,0,1,0,1,1,1,0,1,2,2,2,1,2,2,0,1,1,2,2,2,2,2,2,0,2,1,0,1,1,0,0,
0,1,1,1,0,1,1,2,2,2,0,2,0,1,2,1,0,1,1,1,0,2,2,2,2,1,1,1,2,1,2,2,2,2,1,1,1,1,1,0,0,1,1,1,1,0,1,0,1,1,1,0,0,1,1,1,0,1,1,0,1,1,0,1,1,1,1,1,1,1,0,1,1,0,2,2,2,2,1,1,2,0,1,1,2,2,2,2,1,0,0,1,0,1,2,1,0,0,2,2,1,2,1,0,1,1,1,1,1,0,0,1,0,1,1,0,1,1,1,1,1,1,1,1,0,0,1,0,1,0,0,1,1,0,2,2,2,1,2,1,1,1,2,0,1,1,1,2,0,0,2,1,2,1,2,1,2,1,2,0,
1,1,0,0,1,1,1,1,2,2,1,2,2,2,2,2,2,0,1,1,1,1,0,1,2,0,1,1,1,1,1,1,0,2,1,2,1,1,0,1,1,1,0,1,1,1,1,0,1,1,1,1,1,1,0,1,1,1,1,1,1,1,1,1,1,0,1,1,1,1,1,1,1,2,1,0,0,1,2,2,2,2,2,1,1,1,0,2,2,1,1,1,1,2,1,1,2,2,2,1,1,0,1,1,1,1,0,1,0,0,1,0,1,1,1,1,1,1,1,1,1,1,1,1,1,0,1,1,1,0,0,0,0,1,1,0,0,2,2,1,1,0,1,1,2,2,1,1,1,1,0,2,2,0,1,2,1,2,1,0,
1,1,1,1,1,1,1,2,2,0,1,2,2,2,1,0,2,1,1,1,1,0,1,0,1,1,1,1,2,2,0,0,1,0,0,2,1,1,0,1,1,1,0,1,1,1,1,1,1,0,1,0,1,0,1,1,1,1,1,1,1,1,1,1,1,1,1,1,1,1,0,1,1,1,2,0,1,0,0,1,2,1,2,0,2,0,1,1,2,0,0,2,0,0,0,1,1,1,1,2,2,1,1,1,1,0,1,1,1,1,1,1,1,1,1,1,0,1,1,1,1,1,1,1,1,1,1,1,0,0,1,1,0,1,2,1,1,1,2,2,1,0,1,1,2,1,2,2,2,1,0,1,2,2,2,1,0,1,1,0,
1,1,1,1,1,1,0,1,1,1,0,1,1,1,1,1,1,1,1,1,1,1,1,1,1,1,1,1,1,0,1,1,1,1,1,1,1,1,0,1,1,0,0,1,1,1,1,1,1,1,1,0,0,1,1,1,1,1,1,1,1,1,1,1,0,1,1,1,0,1,1,1,2,1,1,1,1,2,1,1,2,2,1,1,1,2,1,1,0,1,1,2,2,1,2,2,2,0,2,2,2,2,1,1,1,0,1,1,1,1,1,1,1,1,1,1,0,1,1,1,1,1,1,0,1,1,1,1,1,1,1,1,1,1,1,1,2,1,1,2,2,2,1,1,1,2,1,0,1,0,1,1,1,2,1,2,1,2,1,1,
1,1,0,1,1,0,1,1,1,1,1,1,1,0,1,1,1,1,1,1,1,1,1,0,1,1,1,1,1,0,0,1,1,1,1,1,1,1,1,1,1,1,1,0,1,1,1,1,1,1,1,1,1,1,1,1,1,1,1,1,1,1,1,1,1,1,1,0,1,1,1,1,2,2,2,1,2,1,2,2,2,0,2,2,1,2,1,1,0,1,2,1,0,0,2,0,1,1,0,2,1,2,0,1,1,1,1,1,1,1,1,1,1,0,0,1,1,1,0,1,1,1,1,1,1,1,1,1,1,1,1,1,1,1,2,1,1,1,0,0,2,1,1,1,2,2,1,1,1,0,2,1,1,1,2,1,2,2,1,2,
1,1,1,1,1,1,1,1,1,1,1,1,1,1,1,1,1,0,0,0,0,0,1,1,1,1,0,1,1,0,1,0,1,1,1,1,1,0,1,1,1,1,1,1,1,0,1,1,1,1,1,1,0,1,1,1,1,1,1,1,1,1,1,0,1,1,1,0,1,1,1,1,2,0,1,1,1,2,2,1,2,2,2,1,2,1,2,0,2,1,1,2,0,2,2,2,1,0,2,2,2,2,1,1,1,1,1,1,0,1,0,0,1,1,1,1,1,1,1,1,0,1,0,1,1,1,1,1,1,1,1,1,1,1,1,0,2,2,1,1,2,1,2,2,0,2,2,2,1,1,2,0,1,2,2,1,0,2,1,2,
0,1,0,1,1,1,1,0,1,1,0,1,1,0,1,1,1,1,1,0,1,0,1,1,1,1,1,1,0,1,0,1,0,1,1,1,1,1,0,1,1,1,1,0,1,1,1,1,1,0,1,1,1,1,1,0,1,0,1,0,1,1,0,0,0,0,0,1,1,1,1,1,2,0,1,0,2,1,2,1,1,1,2,2,1,1,0,0,1,1,1,0,1,1,1,2,0,0,0,0,2,1,0,1,1,1,1,1,1,1,1,1,1,1,1,1,1,1,1,0,0,0,1,1,0,0,0,1,1,1,0,1,1,0,2,0,1,2,1,2,1,2,2,2,0,2,2,2,2,2,1,2,1,2,2,1,1,1,2,2,
0,1,1,1,1,0,1,0,0,1,1,1,1,1,1,1,1,1,0,1,1,1,1,0,1,1,1,0,1,1,0,1,0,0,1,1,0,1,0,1,1,1,1,1,1,1,1,1,1,1,0,1,1,0,1,0,0,0,0,1,1,1,0,1,0,1,0,1,1,1,1,1,2,2,1,2,2,2,2,1,1,2,0,1,2,2,2,0,1,2,2,1,2,2,0,2,1,0,2,0,0,2,1,1,1,0,1,1,0,1,1,1,1,1,0,1,1,1,1,1,1,1,1,1,1,1,0,1,1,1,1,1,1,1,2,0,2,2,2,2,1,2,1,2,2,1,1,2,1,2,2,1,2,2,1,2,1,1,2,1,
0,1,0,1,1,0,1,1,1,1,1,0,1,1,1,0,1,0,1,1,1,0,1,1,1,1,1,1,1,1,1,0,1,1,1,1,1,1,1,1,1,1,1,1,1,1,1,1,1,1,1,0,0,1,1,1,1,1,1,0,1,1,1,1,1,1,1,1,1,0,1,1,0,2,0,1,2,2,2,0,1,2,1,2,1,2,2,2,1,1,2,1,0,1,0,0,1,1,0,0,2,1,1,1,0,1,1,1,1,0,1,1,1,1,1,1,1,0,1,1,1,1,1,1,1,1,1,1,1,1,1,0,1,1,0,1,2,1,2,0,1,0,2,2,2,2,2,2,1,1,1,2,1,1,1,1,1,2,1,0,
0,1,1,1,0,1,1,1,1,1,0,0,1,0,1,1,0,1,1,1,1,1,1,1,1,1,1,1,1,1,1,1,1,1,1,1,1,1,1,1,0,1,1,1,1,1,1,1,1,1,1,1,1,1,1,1,1,1,1,1,1,1,1,0,1,1,1,1,0,1,1,1,1,1,1,2,1,2,2,2,1,0,1,2,1,0,2,1,2,2,2,1,0,1,2,2,1,1,1,0,0,1,0,1,0,1,0,1,1,1,1,1,1,0,0,1,0,1,1,1,1,1,1,1,0,1,0,1,1,1,0,1,1,0,2,2,1,1,1,2,1,2,2,1,2,0,2,2,1,2,2,2,1,1,2,2,1,1,1,1,
1,0,1,1,1,1,1,1,1,1,1,1,1,0,1,1,1,1,0,1,1,1,1,1,1,1,1,1,0,1,0,1,1,1,1,1,0,1,1,1,1,1,0,1,0,1,1,1,0,0,0,1,1,1,0,1,0,1,1,1,1,1,1,1,1,1,1,1,1,1,1,0,1,2,0,1,2,1,1,1,2,1,1,1,0,2,1,0,1,2,0,2,2,2,1,0,2,0,2,0,1,0,1,1,1,1,1,1,1,1,1,1,1,1,1,1,1,1,0,1,1,1,1,1,0,0,0,1,1,1,0,1,1,1,2,2,2,0,2,0,1,1,1,1,1,1,1,1,2,1,1,1,0,1,2,1,2,2,1,0,
0,1,1,0,1,1,1,1,1,1,0,1,0,0,1,1,0,0,0,1,1,1,1,1,1,1,1,1,1,1,1,1,1,0,1,1,1,1,0,1,0,1,1,1,0,0,1,1,1,1,1,1,0,1,1,1,0,1,1,0,1,1,1,1,1,1,1,0,1,0,1,1,2,1,2,2,2,0,2,1,1,2,1,1,1,0,1,2,0,2,1,2,2,2,1,1,2,1,0,2,0,2,1,1,1,1,1,1,0,1,1,1,0,1,1,1,0,1,1,1,0,1,1,1,0,1,1,1,1,1,1,1,1,1,0,1,1,0,2,1,2,1,2,2,2,1,1,0,2,2,0,0,1,2,1,2,0,0,1,2,
a,a,a,a,a,a,a,a,a,a,a,a,a,a,a,a,a,a,a,a,a,a,a,a,a,a,a,a,a,a,a,a,a,a,a,a,a,a,a,a,a,a,a,a,a,a,a,a,a,a,a,a,a,a,a,a,a,a,a,a,a,a,a,a,a,a,a,a,a,a,a,a,a,b,b,b,b,b,b,a,b,b,a,a,a,a,b,a,a,b,b,b,b,a,a,b,a,a,a,a,b,a,a,a,a,a,a,a,a,a,a,a,a,a,a,a,a,a,a,a,a,a,a,a,a,a,a,a,a,a,a,a,a,a,b,a,a,b,b,b,a,a,a,b,b,b,b,b,b,a,a,b,1,2,2,1,1,0,0,1,

